0 8
100 4
101 18
102 27
103 28
104 11
105 17
106 23
107 9
108 37
109 22
10 13
110 18
111 9
112 23
113 13
114 4
115 18
116 18
117 26
118 7
119 12
11 34
120 13
121 4
122 21
123 11
124 4
125 25
126 17
127 23
128 21
129 24
12 24
130 20
131 33
132 5
133 26
134 21
135 16
136 16
137 12
138 6
139 9
13 18
140 7
141 19
142 25
143 34
144 7
145 19
146 13
147 15
148 7
149 16
14 15
150 21
151 23
152 28
153 9
154 29
155 35
156 14
157 16
158 6
159 24
15 12
160 31
161 8
162 8
163 14
164 13
165 10
166 13
167 4
168 5
169 4
16 29
170 7
171 27
172 9
173 6
174 12
175 32
176 15
177 24
178 11
179 8
17 7
180 10
181 6
182 7
183 17
184 34
185 14
186 23
187 22
188 12
189 6
18 4
190 12
191 7
192 19
193 15
194 6
195 31
196 10
197 32
198 29
199 5
19 31
1 4
200 11
20 9
21 34
22 25
23 13
24 23
25 14
26 13
27 7
28 11
29 21
2 25
30 16
31 8
32 14
33 20
34 12
35 23
36 11
37 20
38 19
39 11
3 8
40 16
41 5
42 8
43 25
44 11
45 22
46 14
47 18
48 29
49 13
4 14
50 17
51 6
52 18
53 36
54 30
55 21
56 22
57 8
58 16
59 13
5 18
60 27
61 15
62 24
63 32
64 13
65 12
66 17
67 28
68 15
69 12
6 11
70 29
71 11
72 7
73 21
74 19
75 23
76 22
77 4
78 5
79 8
7 14
80 24
81 28
82 15
83 8
84 15
85 14
86 33
87 23
88 10
89 4
8 26
90 17
91 28
92 10
93 8
94 8
95 28
96 28
97 11
98 10
99 18
9 23
