0 91 91.0 0.0
1 36 63.5 27.5
2 32 53.0 26.919633479426622
3 53 53.0 23.313086453749534
4 51 52.6 20.86719914123599
5 57 53.333333333333336 19.119507199599983
6 42 51.714285714285715 18.14004477639997
7 34 49.5 17.95132307101624
8 57 50.333333333333336 17.08800749063506
9 30 48.3 17.32079674841778
10 56 49.0 16.662423702341854
11 42 48.416666666666664 16.06994261208034
12 34 47.30769230769231 15.910251244859593
13 48 47.357142857142854 15.332538429558152
14 47 47.333333333333336 14.812907284602243
15 27 46.0625 15.163561380823438
16 60 46.88235294117647 15.071915265081126
17 65 47.888888888888886 15.223844195825357
18 50 48.0 14.825298434912213
19 29 47.05 15.03155015292834
20 21 45.80952380952381 15.683230496962725
21 64 46.63636363636363 15.784184992192932
22 58 47.130434782608695 15.61020944578896
23 49 47.208333333333336 15.286102529930758
24 28 46.44 15.443004888945675
25 75 47.53846153846154 16.108360870704022
26 63 48.111111111111114 16.07467143453934
27 41 47.857142857142854 15.84008091094569
28 45 47.758620689655174 15.573308669807107
29 26 47.03333333333333 15.801863462544187
30 64 47.58064516129032 15.83131684769634
31 63 48.0625 15.811264773888267
32 53 48.21212121212121 15.592845243033306
33 63 48.64705882352941 15.563687663996028
34 68 49.2 15.674911710847278
35 52 49.27777777777778 15.462519399271244
36 39 49.0 15.342926885226476
37 69 49.526315789473685 15.47448977494941
38 66 49.94871794871795 15.495158413316735
39 46 49.85 15.312658162448477
40 49 49.829268292682926 15.125334004011187
41 30 49.357142857142854 15.246891062601252
42 46 49.27906976744186 15.077051067835157
43 65 49.63636363636363 15.087759802825884
44 29 49.17777777777778 15.226130885040856
45 34 48.84782608695652 15.221505654978317
46 68 49.255319148936174 15.3102219852806
47 73 49.75 15.52484567824535
48 38 49.51020408163265 15.455165504603219
49 46 49.44 15.307723540748965
50 64 49.72549019607843 15.29074874912041
51 89 50.48076923076923 16.07493316724399
52 40 50.283018867924525 15.986288179385513
53 22 49.75925925925926 16.290118778623853
54 49 49.74545454545454 16.14166622222601
55 46 49.67857142857143 16.004583208364703
56 65 49.94736842105263 15.990590492626044
57 46 49.87931034482759 15.860466560740758
58 30 49.54237288135593 15.933465510773022
59 71 49.9 16.037144384210052
60 62 50.09836065573771 15.979192328665576
61 63 50.306451612903224 15.932912486804627
62 55 50.38095238095238 15.816837092190939
63 39 50.203125 15.756129449657838
64 63 50.4 15.713590394207273
65 29 50.07575757575758 15.811685941254552
66 78 50.492537313432834 16.05436020592979
67 67 50.73529411764706 16.059281398342264
68 32 50.46376811594203 16.098951005654428
69 47 50.41428571428571 15.98882900844288
70 52 50.436619718309856 15.876931972373814
71 50 50.43055555555556 15.766372785218202
72 50 50.42465753424658 15.658091530009948
73 76 50.770270270270274 15.829793409467271
74 34 50.54666666666667 15.841122294697291
75 21 50.1578947368421 16.092702360140684
76 67 50.37662337662338 16.101172790259447
77 48 50.34615384615385 15.999861315967008
78 41 50.22784810126582 15.9325710235343
79 96 50.8 16.62934153837728
80 67 51.0 16.622905511802713
81 48 50.96341463414634 16.524516244682065
82 73 51.2289156626506 16.599699011064853
83 44 51.142857142857146 16.519211656174654
84 38 50.98823529411764 16.482785399709357
85 67 51.174418604651166 16.476333880762173
86 21 50.827586206896555 16.694143027271036
87 36 50.65909090909091 16.6732545519875
88 62 50.78651685393258 16.622356618514917
89 46 50.733333333333334 16.537365099810927
90 46 50.68131868131868 16.453650599222634
91 48 50.65217391304348 16.3663458928008
92 33 50.46236559139785 16.379609104126306
93 80 50.776595744680854 16.571671711226443
94 40 50.66315789473684 16.520870708745026
95 57 50.729166666666664 16.447187681755473
96 29 50.50515463917526 16.50874414434694
97 61 50.61224489795919 16.458130335615483
