# id type x y z radius parent
1 1 0 0 0 1 -1
2 4 -0.29 16.71 -79.26 1 1
3 4 -0.53 23.61 -74.32 1 2
4 4 -3.54 27.97 -84.64 1 3
5 4 -4.27 31.5 -84.64 1 4
6 4 -7.27 30.56 -84.64 1 5
7 4 -10.72 32.95 -84.64 1 6
8 4 -12.01 33.57 -86.72 1 7
9 4 -14.64 36.34 -85.63 1 8
10 4 -18.51 36.54 -85.74 1 9
11 4 -20.19 40 -85.74 1 10
12 4 -22.4 45.57 -91.34 1 11
13 4 -25.44 46.78 -86.72 1 12
14 4 -26.19 48.64 -87.05 1 13
15 4 -28.82 53.7 -87.27 1 14
16 4 -33.76 56.44 -87.38 1 15
17 4 -35.88 68.22 -82.55 1 16
18 4 -35.25 72.32 -84.86 1 17
19 4 -34.4 78.35 -87.05 1 18
20 4 -31.3 80.2 -84.86 1 19
21 4 -32.03 83.73 -84.86 1 20
22 4 -31.05 88.81 -84.86 1 21
23 4 -28.51 93.04 -84.86 1 22
24 4 -26.72 97.47 -84.86 1 23
25 4 -24.61 99.53 -84.86 1 24
26 4 -25.67 103.74 -84.86 1 25
27 4 -20.36 106.99 -84.86 1 26
28 4 -17.15 109.84 -84.86 1 27
29 4 -16.18 113.25 -84.86 1 28
30 4 -11.95 117.37 -84.86 1 29
31 4 -11.33 118.13 -84.97 1 30
32 4 -23.21 34.68 -89.47 1 8
33 4 -33.94 35.82 -91.56 1 32
34 4 -46.03 38.05 -91.56 1 33
35 4 -69.8 39.69 -97.37 1 34
36 4 -74.63 38.15 -100.67 1 35
37 4 -80.26 38.94 -100.67 1 36
38 4 -94.86 41.95 -108.13 1 37
39 4 -100.29 42.99 -108.13 1 38
40 4 -104.82 46.24 -108.13 1 39
41 4 -107.53 48.44 -108.13 1 40
42 4 -113.56 49.77 -113.29 1 41
43 4 -114.43 52.57 -113.29 1 42
44 4 -121.81 57.29 -113.29 1 43
45 4 -125.06 58.25 -113.29 1 44
46 4 -126.89 60.98 -113.29 1 45
47 4 -130.22 60.75 -113.29 1 46
48 4 -131.23 62.82 -113.29 1 47
49 4 -135.5 64.18 -113.29 1 48
50 4 -137.66 67.61 -113.29 1 49
51 4 -139.77 67.22 -113.29 1 50
52 4 -140.59 66.21 -117.35 1 51
53 4 -145.55 65.61 -117.35 1 52
54 4 -148.53 68.02 -117.35 1 53
55 4 -0.33 36.03 -79.04 1 3
56 4 -14.48 34.74 -84.75 1 55
57 4 -14.62 40.87 -94.85 1 56
58 4 -13.61 66.47 -94.63 1 57
59 4 -14.05 73.12 -94.63 1 58
60 4 -12.33 78.01 -92.21 1 59
61 4 -18.75 96.64 -90.02 1 60
62 4 -22.29 109.98 -89.25 1 61
63 4 -23.09 112.31 -86.83 1 62
64 4 -21.93 117.39 -88.81 1 63
65 4 -23.26 121.82 -88.81 1 64
66 4 -24.07 124.15 -88.81 1 65
67 4 -20.33 124.9 -89.8 1 66
68 4 -19.09 128.09 -89.8 1 67
69 4 -14.73 131.26 -89.8 1 68
70 4 -10.32 128.95 -89.8 1 69
71 4 -7.46 130.83 -89.8 1 70
72 4 -2.76 133.31 -89.8 1 71
73 4 -3 140.21 -83.76 1 72
74 4 0.76 144.3 -83.76 1 73
75 4 8.16 142.92 -83.76 1 74
76 4 9.53 145.17 -85.85 1 75
77 4 11.33 151.26 -80.14 1 76
78 4 12.36 154.2 -80.14 1 77
79 4 12.65 157.32 -80.14 1 78
80 4 15.57 157.05 -80.14 1 79
81 4 18.92 160.63 -85.19 1 80
82 4 16.62 163.33 -80.03 1 81
83 4 16.09 167.11 -80.03 1 82
84 4 17.15 173.39 -80.03 1 83
85 4 20.34 177.31 -83.76 1 84
86 4 19.22 183.4 -83.54 1 85
87 4 19.95 193.71 -83.54 1 86
88 4 19.97 198.72 -78.82 1 87
89 4 24.74 200.73 -79.7 1 88
90 4 33.76 198.04 -82.33 1 89
91 4 24.09 179.73 -86.72 1 85
92 4 22.22 186.28 -78.05 1 91
93 4 24.49 192.4 -78.05 1 92
94 4 26.07 196.57 -78.05 1 93
95 4 34.6 202.67 -73.88 1 94
96 4 37.34 207.16 -73.88 1 95
97 4 38.86 211.8 -73.88 1 96
98 4 38.48 217.98 -73.88 1 97
99 4 39.86 221.89 -77.72 1 98
100 4 41.94 231.11 -68.61 1 99
101 4 42.92 236.19 -68.61 1 100
102 4 41.66 241.83 -68.61 1 101
103 4 36.19 248.35 -68.61 1 102
104 4 33.44 255.75 -65.43 1 103
105 4 34.13 257.71 -65.43 1 104
106 4 30.35 262.45 -65.43 1 105
107 4 32.23 271.41 -63.12 1 106
108 4 12.94 148.28 -85.85 1 76
109 4 15.27 152.26 -85.85 1 108
110 4 20.21 147.83 -85.85 1 109
111 4 23.81 147.86 -85.85 1 110
112 4 24.71 150.07 -85.85 1 111
113 4 24.45 153.63 -79.48 1 112
114 4 23.23 153.78 -79.48 1 113
115 4 25.35 155.83 -79.48 1 114
116 4 26.04 159.47 -79.48 1 115
117 4 -25.59 114.76 -90.35 1 63
118 4 -24.76 117.44 -90.35 1 117
119 4 -26.72 121.12 -90.35 1 118
120 4 -24.94 123.87 -92.76 1 119
121 4 -24.16 128.7 -88.15 1 120
122 4 -25.5 133.13 -88.15 1 121
123 4 -26.29 138.13 -90.13 1 122
124 4 -24.62 143.5 -90.13 1 123
125 4 -29.8 154.8 -90.13 1 124
126 4 -34.15 161.89 -91.77 1 125
127 4 -35.93 172.97 -89.58 1 126
128 4 -39.23 177.75 -89.58 1 127
129 4 -39.01 181.34 -89.58 1 128
130 4 -42.53 184.19 -89.58 1 129
131 4 -44.64 183.8 -89.58 1 130
132 4 -45.05 181.62 -89.58 1 131
133 4 -49.33 182.99 -89.58 1 132
134 4 -51.13 187.39 -89.58 1 133
135 4 -53.73 185.3 -92.32 1 134
136 4 -57.6 183.83 -92.32 1 135
137 4 -60.48 180.28 -95.4 1 136
138 4 -63.9 177.17 -95.4 1 137
139 4 -27.88 159.96 -93.31 1 125
140 4 -26.21 167 -86.29 1 139
141 4 -30.51 177.19 -86.29 1 140
142 4 -35.25 180.19 -86.29 1 141
143 4 -39.3 185.15 -86.29 1 142
144 4 -39.89 189.4 -87.27 1 143
145 4 -45.97 196.84 -87.27 1 144
146 4 -45.61 199.49 -87.27 1 145
147 4 -49.88 200.85 -87.27 1 146
148 4 -55.23 206.43 -87.27 1 147
149 4 -55.83 209.02 -87.27 1 148
150 4 -61.24 213.4 -87.27 1 149
151 4 -73.62 223.01 -87.27 1 150
152 4 -78.44 224.81 -82.33 1 151
153 4 -83.29 225.17 -87.38 1 152
154 4 -90.29 225.38 -87.38 1 153
155 4 -95.17 227.66 -87.38 1 154
156 4 -111.88 228.61 -87.38 1 155
157 4 -19.83 45.51 -93.2 1 57
158 4 -25.09 52.29 -93.2 1 157
159 4 -26.37 54.58 -93.2 1 158
160 4 -32.33 57.73 -93.2 1 159
161 4 -33.53 62.89 -98.91 1 160
162 4 -38.95 65.61 -98.91 1 161
163 4 -41.94 66.35 -98.91 1 162
164 4 -42.44 75.14 -98.91 1 163
165 4 -43.58 78.15 -98.91 1 164
166 4 -18.92 30.37 -86.5 1 56
167 4 -19.05 28.54 -86.61 1 166
168 4 -26.3 18.48 -89.36 1 167
169 4 -30.31 17.95 -89.36 1 168
170 4 -39.33 8.48 -94.85 1 169
171 4 -44.58 4.76 -94.74 1 170
172 4 -49.42 1.56 -90.57 1 171
173 4 -55.8 2.53 -92.98 1 172
174 4 -59.67 2.73 -92.98 1 173
175 4 -70.49 -0.67 -92.98 1 174
176 4 -83.49 -3.99 -96.17 1 175
177 4 -99.81 -7.55 -101.55 1 176
178 4 -106.01 -11.33 -101.55 1 177
179 4 -112.41 -13.7 -101.55 1 178
180 4 -125.08 -21.05 -101.55 1 179
181 4 -133.72 -22.86 -102.86 1 180
182 4 -144.31 -26.69 -101.77 1 181
183 4 -154.52 -29.33 -98.69 1 182
184 4 -159.57 -32.79 -98.69 1 183
185 4 -171.53 -34.84 -105.72 1 184
186 4 -183.7 -35.48 -102.97 1 185
187 4 -138.81 -22.51 -107.36 1 181
188 4 -146.55 -24.46 -101.11 1 187
189 4 -155.3 -21.98 -103.3 1 188
190 4 -35.76 1.81 -91.12 1 170
191 4 -35.3 -1.49 -91.12 1 190
192 4 -35.34 -8.18 -94.3 1 191
193 4 -33.87 -13.56 -94.3 1 192
194 4 -34.23 -17.88 -94.3 1 193
195 4 -21.84 27.86 -86.5 1 167
196 4 -21.17 24.81 -81.56 1 195
197 4 -17.17 23.66 -81.56 1 196
198 4 -15.49 20.2 -77.17 1 197
199 4 -12.24 17.58 -77.17 1 198
200 4 -9.88 14.4 -77.17 1 199
201 4 -7.04 11.27 -84.42 1 200
202 4 6.33 -3.76 -85.3 1 201
203 4 13.64 -9.68 -85.3 1 202
204 4 17.61 -17.5 -89.36 1 203
205 4 17.13 -19.21 -80.69 1 204
206 4 17.32 -20.63 -76.08 1 205
207 4 -16.22 28.18 -81.13 1 166
208 4 -16.98 25.02 -79.37 1 207
209 4 -14.41 22.11 -79.37 1 208
210 4 -14.55 7.54 -84.53 1 209
211 4 -13.68 4.74 -84.53 1 210
212 4 -15.81 1.01 -84.53 1 211
213 4 -19.05 -10.2 -87.93 1 212
214 4 -25.92 -23.09 -87.93 1 213
215 4 -25.37 -25.19 -87.93 1 214
216 4 -29.81 -27.91 -87.93 1 215
217 4 -32.42 -31.67 -82.77 1 216
218 4 -31.42 -35.42 -82.77 1 217
219 4 -31.42 -37.09 -82.77 1 218
220 4 -30.69 -40.61 -82.77 1 219
221 4 -27.92 -43.28 -82.77 1 220
222 4 -27.19 -46.8 -82.77 1 221
223 4 -26.16 -48.31 -84.86 1 222
224 4 -23.67 -52.43 -85.52 1 223
225 4 -21.11 -57.02 -85.85 1 224
226 4 -21.86 -58.5 -83.43 1 225
227 4 -21.8 -60.64 -88.59 1 226
228 4 -23.05 -63.84 -82.11 1 227
229 4 1.46 54.29 -76.18 1 55
230 4 -0.04 66.83 -74.43 1 229
231 4 2.76 83.01 -73.22 1 230
232 4 7.54 102.2 -73.22 1 231
233 4 7.71 109.61 -76.95 1 232
234 4 7.71 109.4 -82.55 1 233
235 4 19.23 115.51 -72.45 1 234
236 4 31.53 115.2 -65.1 1 235
237 4 36.78 117.25 -59.61 1 236
238 4 40.86 118.97 -59.5 1 237
239 4 40.34 122.75 -55 1 238
240 4 46.91 132.52 -60.8 1 239
241 4 43.31 134.18 -51.04 1 240
242 4 44.49 137.84 -51.04 1 241
243 4 47.82 138.08 -55 1 242
244 4 47.7 140.69 -55 1 243
245 4 47.11 144.95 -51.7 1 244
246 4 53.96 145.68 -57.85 1 245
247 4 56.57 149.44 -62.35 1 246
248 4 14.87 113.25 -79.81 1 234
249 4 17.12 116.04 -79.81 1 248
250 4 34.07 108.19 -74.1 1 249
251 4 46.12 113.11 -74.1 1 250
252 4 59.61 121.47 -70.26 1 251
253 4 67.03 123.43 -67.95 1 252
254 4 78.83 121.42 -69.82 1 253
255 4 94.51 129.7 -67.73 1 254
256 4 104.41 132.73 -55.87 1 255
257 4 107.46 131.52 -55.98 1 256
258 4 125.74 131.39 -55.98 1 257
259 4 135.03 128.48 -55.98 1 258
260 4 136.57 124.3 -55.98 1 259
261 4 141.26 125.11 -56.63 1 260
262 4 149.47 121.4 -56.75 1 261
263 4 155.28 115.86 -48.96 1 262
264 4 163.29 113.57 -47.09 1 263
265 4 166.67 109.99 -47.09 1 264
266 4 170.32 109.54 -47.09 1 265
267 4 177.29 102.64 -47.09 1 266
268 4 180.15 102.85 -47.31 1 267
269 4 5.88 115.08 -72.77 1 233
270 4 6.11 114.67 -84.09 1 269
271 4 1.6 117.76 -87.82 1 270
272 4 0.1 121.65 -82.11 1 271
273 4 -2.33 125.29 -82.11 1 272
274 4 -7.21 127.57 -80.91 1 273
275 4 -15.09 127.24 -86.61 1 274
276 4 -16.58 129.28 -86.61 1 275
277 4 -18.46 132.49 -86.61 1 276
278 4 -20.62 135.91 -86.61 1 277
279 4 -21.91 136.53 -86.61 1 278
280 4 -26.37 139.32 -85.41 1 279
281 4 -33.04 138.84 -85.41 1 280
282 4 -39.76 140.5 -85.41 1 281
283 4 -57.77 138.74 -92.54 1 282
284 4 -63.21 136.44 -91.66 1 283
285 4 -68.86 135.56 -93.42 1 284
286 4 -73.41 135.47 -93.42 1 285
287 4 -90.79 123.96 -97.37 1 286
288 4 -94.21 120.86 -97.37 1 287
289 4 -104.27 118.94 -107.03 1 288
290 4 -112.17 115.27 -107.03 1 289
291 4 -121.49 112.55 -107.03 1 290
292 4 -126.46 110.29 -107.03 1 291
293 4 -130.73 111.65 -107.03 1 292
294 4 -148.96 107.96 -107.03 1 293
295 4 -163.32 102.4 -115.71 1 294
296 4 -168.23 99.66 -115.71 1 295
297 4 -167.93 90.61 -115.16 1 296
298 4 -62.83 145.77 -91.66 1 284
299 4 -67.85 147.32 -91.66 1 298
300 4 -67.21 151.42 -91.66 1 299
301 4 -69.64 155.05 -91.66 1 300
302 4 -72.02 154.89 -96.28 1 301
303 4 -75.4 158.47 -99.02 1 302
304 4 -76.34 161.74 -99.02 1 303
305 4 -77.61 165.71 -98.36 1 304
306 4 -20.32 140.7 -86.61 1 279
307 4 -14.88 143 -86.61 1 306
308 4 -13.45 143.11 -86.61 1 307
309 4 -14.42 139.7 -86.61 1 308
310 4 -12.52 138.16 -86.61 1 309
311 4 -11.04 136.12 -86.61 1 310
312 4 -5.2 135.59 -86.61 1 311
313 4 -1.29 129.9 -86.61 1 312
314 4 4.63 130.56 -86.61 1 313
315 4 -1.93 118.94 -80.36 1 271
316 4 -9.26 119.85 -80.36 1 315
317 4 -16.47 118.14 -79.81 1 316
318 4 -21.83 118.71 -87.82 1 317
319 4 -31.14 119.95 -87.82 1 318
320 4 -40.81 115.2 -87.82 1 319
321 4 -53.37 117.4 -87.82 1 320
322 4 -59.74 116.02 -88.81 1 321
323 4 -66.19 117.46 -88.81 1 322
324 4 -72.86 115.32 -93.2 1 323
325 4 -77.81 118.06 -93.2 1 324
326 4 -87.73 118.54 -89.69 1 325
327 4 -100.43 118.35 -94.63 1 326
328 4 -119.89 126.98 -94.96 1 327
329 4 -141.31 122.1 -96.72 1 328
330 4 -145.05 123.03 -96.72 1 329
331 4 -153.55 120.27 -102.09 1 330
332 4 -164.82 123.52 -102.2 1 331
333 4 -180.93 134.05 -102.2 1 332
334 4 -194.16 142 -107.8 1 333
335 4 -200.53 144.64 -107.8 1 334
336 4 -207.08 153.72 -107.8 1 335
337 4 -58.74 114.63 -89.8 1 321
338 4 -61.81 114.18 -89.8 1 337
339 4 -65.29 111.54 -89.8 1 338
340 4 -72.99 106.46 -93.31 1 339
341 4 -77.09 101.39 -93.31 1 340
342 4 -84.86 96.78 -93.31 1 341
343 4 -87.46 90.65 -99.9 1 342
344 4 -88.22 87.48 -99.9 1 343
345 4 -92.32 82.43 -99.9 1 344
346 4 -90.5 79.7 -99.9 1 345
347 4 -93.73 73.5 -101.98 1 346
348 4 -93 69.97 -101.98 1 347
349 4 -99.34 65.46 -108.35 1 348
350 4 -98.76 59.54 -109.78 1 349
351 4 -103.4 54.91 -108.79 1 350
352 4 -105.03 56.23 -108.79 1 351
353 4 -109 50.21 -109.78 1 352
354 4 1.51 118.4 -79.04 1 270
355 4 -5.7 113.35 -76.4 1 354
356 4 -12.73 110.22 -76.4 1 355
357 4 -21.19 103.65 -78.05 1 356
358 4 -30.79 98.43 -78.05 1 357
359 4 -34.13 96.52 -78.05 1 358
360 4 -39.99 93.72 -83.1 1 359
361 4 -44.43 87.67 -82.88 1 360
362 4 -50.63 83.89 -82.77 1 361
363 4 -63.51 77.96 -82.77 1 362
364 4 -67.73 76.94 -81.89 1 363
365 4 -73.66 72.94 -81.89 1 364
366 4 -76.65 73.68 -81.89 1 365
367 4 -84.01 69.57 -85.74 1 366
368 4 -88.02 69.05 -85.74 1 367
369 4 -94.63 64.76 -90.35 1 368
370 4 -100.59 67.91 -90.02 1 369
371 4 -113.15 70.11 -89.14 1 370
372 4 -125.77 72.78 -90.68 1 371
373 4 5.49 117.92 -72.77 1 269
374 4 12.31 121.89 -76.4 1 373
375 4 17.96 124.44 -76.4 1 374
376 4 26.32 124.8 -76.4 1 375
377 4 31.36 128.26 -76.4 1 376
378 4 31.22 127.54 -78.27 1 377
379 4 36.38 128.57 -80.14 1 378
380 4 38.17 132.99 -80.14 1 379
381 4 40.69 133.89 -80.14 1 380
382 4 45.06 137.06 -80.14 1 381
383 4 44.6 140.36 -79.7 1 382
384 4 51.14 145.14 -66.41 1 383
385 4 52.64 148.11 -66.41 1 384
386 4 52.6 150.25 -66.41 1 385
387 4 56.68 151.97 -66.41 1 386
388 4 61.32 154.93 -66.41 1 387
389 4 70.35 155.58 -66.41 1 388
390 4 86.55 163.42 -66.41 1 389
391 4 99.89 164.36 -66.41 1 390
392 4 112.68 169.11 -59.83 1 391
393 4 114.12 170.88 -62.13 1 392
394 4 123.86 175.16 -56.09 1 393
395 4 128.11 182.62 -56.09 1 394
396 4 136.55 187.52 -56.09 1 395
397 4 138.29 194.09 -51.15 1 396
398 4 144.36 200.68 -51.37 1 397
399 4 149.87 202.51 -51.37 1 398
400 4 154.75 212.4 -49.18 1 399
401 4 158.23 216.71 -49.18 1 400
402 4 32.01 135.7 -74.76 1 378
403 4 39.04 142.17 -76.29 1 402
404 4 38.6 148.82 -73.11 1 403
405 4 40.26 154.19 -73.11 1 404
406 4 38.44 156.92 -73.11 1 405
407 4 41.31 160.47 -74.76 1 406
408 4 39.36 165.82 -73.77 1 407
409 4 40.41 170.42 -73.77 1 408
410 4 41.37 173.83 -78.49 1 409
411 4 45.25 175.3 -78.49 1 410
412 4 49.68 178.19 -78.49 1 411
413 4 5.62 130.81 -71.79 1 373
414 4 5.74 140.36 -69.49 1 413
415 4 6.62 154.74 -57.85 1 414
416 4 11.03 166.27 -58.51 1 415
417 4 20.96 172.72 -67.4 1 416
418 4 24.04 179.86 -69.05 1 417
419 4 32.3 184.5 -64.99 1 418
420 4 38.42 185.42 -63.66 1 419
421 4 47.5 194.42 -58.18 1 420
422 4 51.1 194.44 -52.8 1 421
423 4 52.12 195.71 -52.8 1 422
424 4 50.57 196.55 -52.8 1 423
425 4 52.89 200.53 -58.18 1 424
426 4 63.04 203.65 -52.25 1 425
427 4 73.15 202.42 -47.75 1 426
428 4 79.35 206.21 -47.75 1 427
429 4 84.51 205.38 -45.44 1 428
430 4 107.56 208.94 -36.77 1 429
431 4 110.06 206.5 -36.77 1 430
432 4 116.05 208.36 -36.77 1 431
433 4 123.3 204.59 -32.93 1 432
434 4 126.57 205.3 -33.59 1 433
435 4 129.98 208.4 -33.59 1 434
436 4 136.41 203.62 -31.28 1 435
437 4 139.21 205.96 -33.15 1 436
438 4 142.46 203.33 -31.17 1 437
439 4 151.63 203.04 -32.16 1 438
440 4 154.69 205.17 -30.72 1 439
441 4 158.82 203.08 -22.5 1 440
442 4 164.2 204.18 -22.5 1 441
443 4 165.56 204.75 -22.5 1 442
444 4 170.19 206.04 -24.04 1 443
445 4 173.57 205.56 -16.35 1 444
446 4 179.09 207.39 -16.79 1 445
447 4 184.59 205.87 -16.79 1 446
448 4 195.68 209.05 -16.9 1 447
449 4 199.84 211.98 -16.9 1 448
450 4 203.09 211.02 -12.07 1 449
451 4 216.96 213.2 -11.62 1 450
452 4 11.12 172.48 -58.84 1 416
453 4 2.75 175.74 -67.07 1 452
454 4 -3.91 175.27 -71.57 1 453
455 4 -16.34 176.52 -73.22 1 454
456 4 -18.66 174.21 -73.22 1 455
457 4 -22.73 174.16 -73.22 1 456
458 4 -24.01 176.45 -73.22 1 457
459 4 -22.44 177.28 -73.22 1 458
460 4 -20.21 176.72 -73.22 1 459
461 4 -26.51 177.22 -75.86 1 460
462 4 -28.7 177.31 -75.86 1 461
463 4 -26.01 170.1 -75.86 1 462
464 4 -27.12 167.64 -72.34 1 463
465 4 -28.94 168.7 -79.37 1 464
466 4 -28.18 171.86 -79.37 1 465
467 4 -27.16 173.11 -79.37 1 466
468 4 -28.92 173.71 -79.37 1 467
469 4 -30.95 174.52 -87.71 1 468
470 4 -31.96 176.6 -87.71 1 469
471 4 -34.83 174.72 -87.71 1 470
472 4 -38.08 175.68 -87.71 1 471
473 4 -37.59 179.06 -87.71 1 472
474 4 -40.9 182.16 -84.86 1 473
475 4 -42.6 182.28 -84.86 1 474
476 4 -44.38 179.52 -84.86 1 475
477 4 -46.42 180.33 -84.86 1 476
478 4 -49.71 185.11 -84.86 1 477
479 4 -51.7 183.77 -84.86 1 478
480 4 -57.35 181.22 -89.47 1 479
481 4 -58.38 178.28 -89.47 1 480
482 4 -62.54 175.36 -90.13 1 481
483 4 -1.17 179.76 -71.46 1 453
484 4 -7.66 185.02 -67.4 1 483
485 4 -13.41 191.76 -67.4 1 484
486 4 -23.03 197.04 -67.4 1 485
487 4 -29.55 197.29 -67.4 1 486
488 4 -40.05 203.69 -67.4 1 487
489 4 -57.17 202.46 -71.13 1 488
490 4 -66.26 205.63 -70.7 1 489
491 4 -70 204.89 -70.7 1 490
492 4 -76.1 208.98 -72.55 1 491
493 4 12.65 178.79 -58.07 1 452
494 4 8.66 177.95 -71.68 1 493
495 4 3.98 180.48 -71.68 1 494
496 4 0.88 185.51 -74.21 1 495
497 4 -1.53 188.05 -68.5 1 496
498 4 -5.38 193.26 -68.5 1 497
499 4 -3.52 198.88 -68.5 1 498
500 4 -0.24 201.26 -68.5 1 499
501 4 -4.63 220.75 -60.6 1 500
502 4 -3.92 226.05 -64.44 1 501
503 4 -8.76 224.51 -64.44 1 502
504 4 -16.09 225.42 -64.44 1 503
505 4 -29.21 224.72 -64 1 504
506 4 -41.3 225.28 -65.65 1 505
507 4 -52.09 226.89 -65.65 1 506
508 4 -55.81 229.49 -65.87 1 507
509 4 -67.75 234.12 -71.24 1 508
510 4 -76.71 236.34 -71.24 1 509
511 4 -82.6 239.02 -71.24 1 510
512 4 -88.11 241.55 -69.16 1 511
513 4 -94.68 245.61 -68.94 1 512
514 4 -99.22 248.87 -76.29 1 513
515 4 -103.22 250.01 -76.29 1 514
516 4 -108.49 255.12 -76.29 1 515
517 4 -115.81 257.7 -76.29 1 516
518 4 -120.69 261.64 -76.29 1 517
519 4 -125.84 262.46 -76.29 1 518
520 4 -145.37 257.73 -80.36 1 519
521 4 -148.92 255.56 -80.36 1 520
522 4 -156.06 253.38 -80.36 1 521
523 4 -158.82 245.55 -74.76 1 522
524 4 15.65 193.56 -53.68 1 493
525 4 17.4 198.15 -53.68 1 524
526 4 21.72 196.06 -63.66 1 525
527 4 24.02 193.36 -63.66 1 526
528 4 29.05 193.48 -65.43 1 527
529 4 32.49 189.43 -65.43 1 528
530 4 37.13 192.39 -65.43 1 529
531 4 43.51 191.41 -61.36 1 530
532 4 52.39 187.99 -61.36 1 531
533 4 61.41 185.3 -61.36 1 532
534 4 69.47 179.2 -60.71 1 533
535 4 74 175.94 -60.71 1 534
536 4 77.19 175.46 -60.71 1 535
537 4 78.2 173.38 -60.71 1 536
538 4 82.86 167.51 -58.62 1 537
539 4 90.64 159.96 -58.62 1 538
540 4 93.05 156.32 -58.62 1 539
541 4 98.29 155.02 -62.13 1 540
542 4 101.81 152.17 -57.41 1 541
543 4 106.91 153.49 -57.41 1 542
544 4 117.47 157.36 -50.39 1 543
545 4 121.87 155.05 -50.39 1 544
546 4 129.56 156.79 -50.71 1 545
547 4 137.42 153.78 -45.12 1 546
548 4 147.94 150.71 -45.66 1 547
549 4 156.5 151.33 -39.63 1 548
550 4 17.16 217.22 -60.27 1 525
551 4 14.29 227.51 -58.84 1 550
552 4 6.91 226.99 -61.91 1 551
553 4 7.73 226.34 -64.22 1 552
554 4 3.71 225.81 -69.71 1 553
555 4 0.61 230.84 -61.69 1 554
556 4 -2.31 231.1 -48.74 1 555
557 4 -2.83 234.88 -58.18 1 556
558 4 -8.46 237.34 -58.07 1 557
559 4 -14.48 242.64 -63.45 1 558
560 4 -21.65 249.28 -63.45 1 559
561 4 -25.04 249.51 -63.45 1 560
562 4 -25.44 252.35 -63.45 1 561
563 4 -25.82 256.85 -63.45 1 562
564 4 -28.4 258.1 -63.45 1 563
565 4 -32.81 258.74 -63.45 1 564
566 4 -35.1 263.11 -63.45 1 565
567 4 -33.5 270.62 -58.62 1 566
568 4 -38.56 277.65 -62.24 1 567
569 4 -39.75 284.49 -52.14 1 568
570 4 -45.42 290.75 -52.25 1 569
571 4 -47.87 303.23 -52.47 1 570
572 4 -49.29 304.8 -52.47 1 571
573 4 -48.53 307.94 -52.47 1 572
574 4 -50.48 311.62 -52.47 1 573
575 4 -54.27 314.69 -52.47 1 574
576 4 -53.04 318.94 -52.58 1 575
577 4 -51.4 320.97 -52.58 1 576
578 4 -54.21 329.11 -50.39 1 577
579 4 -52.3 330.92 -50.49 1 578
580 4 -54.37 337.21 -50.49 1 579
581 4 -55.58 340.71 -43.03 1 580
582 4 -54.26 346.77 -45.55 1 581
583 4 -55.71 352.15 -36.22 1 582
584 4 -70.01 361.62 -36.55 1 583
585 4 -14.04 235.99 -60.6 1 558
586 4 -21.57 236.64 -67.29 1 585
587 4 -24.96 238.55 -67.29 1 586
588 4 -28.22 239.51 -67.29 1 587
589 4 -33.62 245.56 -67.29 1 588
590 4 -32.24 251.15 -60.49 1 589
591 4 -32.56 255.18 -60.49 1 590
592 4 -30.72 255.79 -60.49 1 591
593 4 -34.18 256.49 -60.49 1 591
594 4 -8.97 230.63 -50.6 1 556
595 4 -14.39 233.34 -50.6 1 594
596 4 -16.14 235.6 -50.6 1 595
597 4 -20.62 235.04 -46.65 1 596
598 4 -22.46 236.1 -46.65 1 597
599 4 -26.6 236.52 -46.65 1 598
600 4 -27.3 232.89 -46.65 1 599
601 4 -28.46 232.57 -46.65 1 600
602 4 -30.08 233.88 -46.65 1 601
603 4 -32.86 234.88 -46.65 1 602
604 4 -36.69 229.59 -46.54 1 603
605 4 -40.82 233.35 -46.43 1 604
606 4 -44.48 233.81 -46.43 1 605
607 4 -46.9 239.12 -43.69 1 606
608 4 -53.76 240.06 -43.36 1 607
609 4 -52.85 243.94 -43.36 1 608
610 4 -58.76 246.62 -39.41 1 609
611 4 -60.09 251.06 -39.52 1 610
612 4 -61.17 251.94 -39.52 1 611
613 4 -60.95 255.53 -39.52 1 612
614 4 -66.38 256.57 -33.04 1 613
615 4 -68.61 260.47 -33.04 1 614
616 4 -73.27 264.67 -33.04 1 615
617 4 -75.32 263.81 -33.04 1 616
618 4 -79.59 265.17 -33.04 1 617
619 4 -77.72 272.46 -31.28 1 618
620 4 -81.71 275.28 -30.61 1 619
621 4 5.78 231.68 -69.71 1 554
622 4 1.92 233.55 -69.71 1 621
623 4 2.75 236.24 -69.71 1 622
624 4 5.21 239.28 -69.71 1 623
625 4 7.8 241.37 -69.71 1 624
626 4 10.2 244.88 -75.09 1 625
627 4 5.72 245.99 -61.47 1 626
628 4 7.23 248.96 -61.47 1 627
629 4 7.99 252.12 -61.47 1 628
630 4 7.74 255.68 -61.47 1 629
631 4 8.85 261.49 -58.29 1 630
632 4 5.07 264.56 -58.29 1 631
633 4 5.69 266.99 -58.29 1 632
634 4 4.69 270.73 -58.29 1 633
635 4 7.62 272.12 -58.29 1 634
636 4 11.06 268.09 -58.29 1 635
637 4 16.51 270.39 -58.29 1 636
638 4 12.78 272.98 -62.13 1 637
639 4 12.87 275.85 -62.13 1 638
640 4 17.96 275.5 -62.13 1 639
641 4 20.54 274.25 -62.13 1 640
642 4 20.89 276.9 -62.13 1 641
643 4 14.38 280.49 -62.13 1 642
644 4 17.72 282.4 -62.13 1 643
645 4 23.96 282.37 -65.87 1 644
646 4 25.55 284.87 -65.87 1 645
647 4 23.31 285.43 -65.87 1 646
648 4 18.96 285.59 -65.87 1 647
649 4 20.82 289.54 -65.87 1 648
650 4 23.87 291.67 -65.87 1 649
651 4 23.48 292.83 -63.77 1 650
652 4 17.93 296.49 -67.84 1 651
653 4 12.89 294.69 -67.84 1 652
654 4 0.26 228.19 -64.22 1 553
655 4 3.53 228.9 -64.22 1 654
656 4 7.4 228.7 -64.22 1 655
657 4 9.12 233.59 -64.22 1 656
658 4 3.97 236.09 -64.22 1 657
659 4 -0.57 239.34 -65.54 1 658
660 4 -2.45 240.87 -65.54 1 659
661 4 -6.87 241.51 -65.54 1 660
662 4 -15.31 239.95 -65.32 1 661
663 4 -20.67 240.52 -65.76 1 662
664 4 -25.62 241.6 -65.76 1 663
665 4 -30.23 245.33 -65.76 1 664
666 4 -37.34 249.83 -65.76 1 665
667 4 4.58 219.67 -65.32 1 552
668 4 2.3 215.21 -65.32 1 667
669 4 3.57 211.25 -65.32 1 668
670 4 9.55 208.09 -65.32 1 669
671 4 11.07 202.24 -65.32 1 670
672 4 6.56 196.67 -65.32 1 671
673 4 3.75 192.65 -65.32 1 672
674 4 4.21 189.34 -65.32 1 673
675 4 5.24 190.61 -65.32 1 674
676 4 8.45 195.13 -65.32 1 675
677 4 9.94 194.76 -65.32 1 676
678 4 10.81 191.96 -65.32 1 677
679 4 16.89 246.79 -48.63 1 551
680 4 13.32 244.87 -48.3 1 679
681 4 7.08 246.57 -48.3 1 680
682 4 -1.35 258.85 -51.37 1 681
683 4 -7.13 258.91 -51.26 1 682
684 4 -10.44 262.01 -51.26 1 683
685 4 -16.96 262.26 -51.15 1 684
686 4 -18.71 266.19 -51.15 1 685
687 4 -26.25 265.17 -53.9 1 686
688 4 -36.82 272.05 -51.59 1 687
689 4 -38.16 274.81 -52.14 1 688
690 4 -39.24 277.37 -51.15 1 689
691 4 17.58 259.24 -51.04 1 679
692 4 18.02 278.31 -62.57 1 691
693 4 20.89 294.03 -46.43 1 692
694 4 20.03 298.5 -46.43 1 693
695 4 12.68 300.5 -49.4 1 694
696 4 8.02 306.37 -49.4 1 695
697 4 4.75 317.81 -49.4 1 696
698 4 2.87 322.69 -49.95 1 697
699 4 3.07 322.94 -49.84 1 698
700 4 0.13 332.05 -49.73 1 699
701 4 -2.1 334.27 -49.73 1 700
702 4 8.98 321.94 -50.17 1 699
703 4 -0.86 323.62 -49.95 1 698
704 4 21.5 306.96 -43.25 1 694
705 4 21.73 326.06 -45.01 1 704
706 4 35.71 326.72 -40.94 1 705
707 4 41.21 326.87 -40.94 1 706
708 4 47.19 327.06 -40.94 1 707
709 4 53.59 329.44 -40.94 1 708
710 4 64.71 339.3 -38.09 1 709
711 4 79.53 341.55 -38.2 1 710
712 4 82.8 343.94 -36.11 1 711
713 4 86.21 345.37 -32.16 1 712
714 4 93.41 347.08 -35.56 1 713
715 4 97.19 352.84 -29.31 1 714
716 4 104.07 356.91 -29.31 1 715
717 4 111.08 358.37 -30.95 1 716
718 4 115.09 358.89 -36.88 1 717
719 4 21.65 337.03 -39.19 1 705
720 4 21.94 341.83 -39.19 1 719
721 4 23.21 340.96 -42.04 1 720
722 4 25.24 343.73 -35.45 1 721
723 4 27.16 347.21 -35.45 1 722
724 4 30.83 346.18 -35.45 1 723
725 4 29.37 349.89 -35.45 1 724
726 4 31.01 351.91 -35.45 1 725
727 4 33.17 351.83 -35.45 1 726
728 4 36.5 350.4 -30.18 1 727
729 4 36.56 348.26 -29.86 1 728
730 4 39.69 348.24 -34.91 1 729
731 4 43.23 350.4 -19.54 1 730
732 4 46.07 347.27 -19.54 1 731
733 4 45.51 344.36 -20.85 1 732
734 4 49.78 341.33 -17.34 1 733
735 4 44.12 338.78 -20.52 1 733
736 4 25.11 339.42 -36.88 1 721
737 4 28.23 339.41 -36.88 1 736
738 4 29.37 336.39 -36.88 1 737
739 4 31.62 337.5 -39.52 1 738
740 4 33.71 334.55 -36.44 1 739
741 4 35.14 334.65 -36.44 1 740
742 4 29.97 333.81 -32.49 1 741
743 4 25.83 334.22 -32.71 1 742
744 4 26.09 332.34 -32.71 1 743
745 4 29.47 328.75 -32.71 1 744
746 4 29.65 324 -32.71 1 745
747 4 34.87 322.71 -32.71 1 746
748 4 36.83 319.03 -32.71 1 747
749 4 40.34 314.5 -36.11 1 748
750 4 41.26 309.56 -32.93 1 749
751 4 47.54 302.37 -32.93 1 750
752 4 46.71 298.03 -32.93 1 751
753 4 52.82 297.27 -38.75 1 752
754 4 55.44 292.21 -29.2 1 753
755 4 57.16 295.43 -29.2 1 754
756 4 59.27 295.81 -29.2 1 755
757 4 60.74 292.11 -27.88 1 756
758 4 63.13 293.94 -27.77 1 757
759 4 67.25 290.19 -25.68 1 758
760 4 67.78 286.41 -25.35 1 759
761 4 70.36 286.84 -25.35 1 760
762 4 71.72 285.74 -25.24 1 761
763 4 75.87 286.99 -28.54 1 762
764 4 75.78 282.44 -20.19 1 763
765 4 79.29 279.61 -19.54 1 764
766 4 80.57 275.64 -19.54 1 765
767 4 81.99 275.74 -19.54 1 766
768 4 82.89 277.94 -22.61 1 767
769 4 86.69 276.56 -21.29 1 768
770 4 88.22 274.28 -9.43 1 769
771 4 22.62 354.28 -38.64 1 720
772 4 20.86 370.38 -33.26 1 771
773 4 16.12 418.51 -34.8 1 772
774 4 16.93 430.02 -34.36 1 773
775 4 20.17 439.56 -30.4 1 774
776 4 22.62 454.77 -29.75 1 775
777 4 20.1 466.04 -30.07 1 776
778 4 19.54 478.42 -23.93 1 777
779 4 21.23 490.47 -23.93 1 778
780 4 23.86 499.24 -28.65 1 779
781 4 22.87 508.37 -19.94 1 780
782 4 24.2 525.58 -19.95 1 781
783 4 26.74 541.24 -20 1 782
784 4 27.77 555.84 -19.93 1 783
785 4 31.51 581.91 -20.39 1 784
786 4 31.92 615.44 -19.54 1 785
787 4 33.28 627.95 -19.32 1 786
788 4 37.54 643.12 -18.56 1 787
789 4 38.74 658.21 -18.55 1 788
790 4 37.65 672.85 -18.53 1 789
791 4 36.21 680.26 -18.23 1 790
792 4 38.19 687.23 -18.23 1 791
793 4 41.92 696.7 -18.14 1 792
794 4 42.11 715.2 -17.46 1 793
795 4 47.14 732.77 -17.49 1 794
796 4 45.63 738.01 -17.41 1 795
797 4 46.96 749.13 -17.32 1 796
798 4 49.81 755.02 -17.32 1 797
799 4 51.81 783.06 -17.02 1 798
800 4 50.19 797.87 -17.23 1 799
801 4 52.04 810.22 -17.23 1 800
802 4 54.82 816.77 -16.37 1 801
803 4 56.52 823.96 -16.37 1 802
804 4 53.21 830.19 -16.48 1 803
805 4 54.6 836.41 -16.48 1 804
806 4 53.11 844.26 -16.48 1 805
807 4 55.28 851.49 -16.48 1 806
808 4 55 857.78 -16.48 1 807
809 4 58.32 863.71 -16.48 1 808
810 4 55.32 870.71 -15.95 1 809
811 4 59.97 875.6 -15.95 1 810
812 4 61.25 879.47 -16.32 1 811
813 4 60 884.5 -15.54 1 812
814 4 66.48 897.28 -15.51 1 813
815 4 67.33 908.15 -15.07 1 814
816 4 66.04 916.45 -15.07 1 815
817 4 62.46 922.89 -15.07 1 816
818 4 64.21 926.8 -15.07 1 817
819 4 62.61 931.09 -14.73 1 818
820 4 64.46 937.35 -14.81 1 819
821 4 60.1 942.78 -14.81 1 820
822 4 58.6 945.81 -14.87 1 821
823 4 61.42 948.88 -14.87 1 822
824 4 59.13 951.47 -14.87 1 823
825 4 58.01 957.22 -14.77 1 824
826 4 54.39 960.85 -14.47 1 825
827 4 50 961.83 -14.47 1 826
828 4 48.35 967.99 -14.47 1 827
829 4 48.75 972.95 -17.1 1 828
830 4 45.28 975.66 -17.1 1 829
831 4 43.92 984.42 -17.1 1 830
832 4 45.76 987.65 -17.1 1 831
833 4 45.95 993.98 -17.1 1 832
834 4 42.05 999.46 -17.1 1 833
835 4 42.6 1003.49 -17.1 1 834
836 4 44.77 1010.72 -17.02 1 835
837 4 42.21 1015.35 -18.01 1 836
838 4 41.39 1017.62 -18.53 1 837
839 4 36.13 1019.69 -18.77 1 838
840 4 35.88 1024.34 -18.77 1 839
841 4 40.03 1026.38 -18.39 1 840
842 4 41.38 1029.78 -18.39 1 841
843 4 44.59 1033.37 -18.39 1 842
844 4 30.08 1032.92 -18.15 1 840
845 4 47.66 1019.62 -17.38 1 838
846 4 65.82 946.84 -14.59 1 821
847 4 67.56 950.75 -14.59 1 846
848 4 72.99 952 -14.59 1 847
849 4 77.15 958.48 -14.59 1 848
850 4 79.8 964.12 -14.59 1 849
851 4 86.4 967.09 -14.59 1 850
852 4 88.51 970.5 -14.47 1 851
853 4 97.78 977.47 -14.47 1 852
854 4 101.89 976.69 -14.47 1 853
855 4 104.08 982.28 -14.47 1 854
856 4 111.03 990.45 -14.38 1 855
857 4 116.16 993.75 -14.38 1 856
858 4 119.03 991.91 -14.38 1 857
859 4 120.92 994.9 -14.38 1 858
860 4 131.65 1009.05 -14.38 1 859
861 4 133.85 1008.55 -14.38 1 860
862 4 139.99 1009.84 -14.38 1 861
863 4 143.53 1015.8 -14.38 1 862
864 4 148.26 1018.6 -14.38 1 863
865 4 154.5 1017.79 -14.38 1 864
866 4 158.98 1019.15 -14.38 1 865
867 4 160.1 1021.13 -14.38 1 866
868 4 167.31 1020.18 -15.45 1 867
869 4 34.56 654.77 -18.2 1 788
870 4 35.09 670.77 -17.95 1 869
871 4 32.57 688.55 -18.4 1 870
872 4 32.95 698.18 -18.4 1 871
873 4 35.42 714.09 -18.49 1 872
874 4 36.59 727.58 -18.49 1 873
875 4 36.34 744.4 -17.75 1 874
876 4 43.34 750.89 -17.53 1 875
877 4 46.45 762.66 -18 1 876
878 4 48.53 770.17 -17.59 1 877
879 4 49.81 786.2 -16.87 1 878
880 4 53.41 796.17 -16.72 1 879
881 4 52.23 806.82 -16.12 1 880
882 4 58.34 817.47 -16.12 1 881
883 4 63.3 841.36 -16.01 1 882
884 4 63.61 849.83 -16.16 1 883
885 4 65.53 855.63 -16.16 1 884
886 4 63.18 858.68 -16.16 1 885
887 4 70.48 869.21 -16.3 1 886
888 4 72.85 876.47 -16.3 1 887
889 4 75.08 878.79 -16.3 1 888
890 4 76.7 888.07 -16.3 1 889
891 4 79.14 895.09 -16.3 1 890
892 4 79.55 901.45 -16.3 1 891
893 4 82.88 905.74 -16.3 1 892
894 4 86.8 904.71 -16.3 1 893
895 4 89.27 908.46 -16.3 1 894
896 4 92.18 909.44 -16.33 1 895
897 4 95.08 910.42 -16.13 1 896
898 4 94.39 915.22 -16.13 1 897
899 4 101 922.63 -16.13 1 898
900 4 104.01 919.88 -16.02 1 899
901 4 106.08 918.67 -16.02 1 900
902 4 107.06 919.94 -16.02 1 901
903 4 105.9 922.87 -16.02 1 902
904 4 105.35 924.92 -16.02 1 903
905 4 107.7 927.95 -16.02 1 904
906 4 108.83 928.49 -16.44 1 905
907 4 112.72 930.74 -16.44 1 906
908 4 116.94 932.31 -16.44 1 907
909 4 118.83 935.3 -16.44 1 908
910 4 122.53 935.65 -16.44 1 909
911 4 123.92 935.79 -16.44 1 910
912 4 125.1 937.3 -16.44 1 911
913 4 127.93 938.74 -16.44 1 912
914 4 111.17 927.08 -16.26 1 907
915 4 113.38 924.95 -16.26 1 914
916 4 110.47 923.97 -16.26 1 915
917 4 109.4 924.8 -16.44 1 906
918 4 34.56 748.42 -17.75 1 875
919 4 33.73 762.85 -17.45 1 918
920 4 36.48 766.38 -17.45 1 919
921 4 36.85 774.61 -17.45 1 920
922 4 32.33 785.62 -17.7 1 921
923 4 31.69 795.86 -17.7 1 922
924 4 33.9 804.26 -17.7 1 923
925 4 35.4 811.41 -16.92 1 924
926 4 31.65 820.42 -16.92 1 925
927 4 30.39 827.08 -16.92 1 926
928 4 32.33 837.33 -16.92 1 927
929 4 33.15 842.55 -17.08 1 928
930 4 28.85 849.16 -16.74 1 929
931 4 31.12 858.73 -16.67 1 930
932 4 29.02 869.3 -16.68 1 931
933 4 27.99 880.43 -16.19 1 932
934 4 29.35 883.84 -16.22 1 933
935 4 25.31 900.77 -15.91 1 934
936 4 29.94 904.25 -16.4 1 935
937 4 31.19 911.39 -16.4 1 936
938 4 26.09 916.99 -16.4 1 937
939 4 23.54 925.87 -16.56 1 938
940 4 26.99 936.96 -16.56 1 939
941 4 26.83 940.52 -16.56 1 940
942 4 28.38 944.17 -16.56 1 941
943 4 32.87 945.54 -16.4 1 942
944 4 32.88 949.99 -16.4 1 943
945 4 27.86 955.12 -16.51 1 944
946 4 26.46 961.07 -16.78 1 945
947 4 30.27 963.78 -16.78 1 946
948 4 32.26 968.92 -17.1 1 947
949 4 31.76 978.23 -17.52 1 948
950 4 28.8 982.16 -17.52 1 949
951 4 32.4 984.61 -17.5 1 950
952 4 28.47 987.28 -17.5 1 951
953 4 31.77 988.76 -17.5 1 952
954 4 27.35 992.82 -17.72 1 953
955 4 28.34 998.53 -17.82 1 954
956 4 26.6 1000.71 -17.82 1 955
957 4 29.82 1002.65 -17.82 1 956
958 4 24.72 1008.25 -17.82 1 957
959 4 27.39 1012.25 -17.77 1 958
960 4 23.19 1015.12 -17.77 1 959
961 4 23.95 1017.77 -17.26 1 960
962 4 23.31 1021.92 -17.26 1 961
963 4 16.95 1021.81 -17.01 1 962
964 4 18.75 1026.9 -17.01 1 963
965 4 18.84 1030.88 -17.08 1 964
966 4 16.2 1035.77 -17.08 1 965
967 4 15.11 1038.25 -17.23 1 966
968 4 10.8 1038.76 -16.99 1 967
969 4 5.7 1038.27 -16.99 1 968
970 4 1.92 1038.39 -16.99 1 969
971 4 -1.32 1038.08 -16.99 1 970
972 4 -4.24 1038.74 -16.97 1 971
973 4 -6.52 1035.24 -16.97 1 972
974 4 -11.28 1034.09 -17.11 1 973
975 4 -10.25 1042.61 -17.09 1 972
976 4 14.33 1043.32 -17.23 1 967
977 4 9.35 1043.55 -17.23 1 976
978 4 4.32 1044.24 -17.23 1 977
979 4 4.22 1046.33 -17.23 1 978
980 4 0.39 1045.25 -17.23 1 979
981 4 13.51 1027.33 -17.31 1 964
982 4 9.3 1025.76 -17.31 1 981
983 4 6.71 1025.74 -17.31 1 982
984 4 8.08 1027.51 -17.31 1 983
985 4 9.97 1030.5 -17.31 1 984
986 4 7.17 1031.87 -17.31 1 985
987 4 23.2 908.29 -16.48 1 935
988 4 21.15 913.94 -16.48 1 987
989 4 16.05 919.54 -16.48 1 988
990 4 13.7 928.67 -16.32 1 989
991 4 11.58 934.79 -16.45 1 990
992 4 10.31 941.45 -16.45 1 991
993 4 -2.9 952.36 -15.71 1 992
994 4 -14.97 958.93 -16.04 1 993
995 4 -22.42 961.49 -16.44 1 994
996 4 -24 964.49 -16.92 1 995
997 4 -24.98 969.58 -16.92 1 996
998 4 -31.86 974.54 -16.92 1 997
999 4 -33.86 981.37 -16.92 1 998
1000 4 -40.21 985.91 -16.33 1 999
1001 4 -39.75 992.04 -16.33 1 1000
1002 4 -42.39 996.93 -16.33 1 1001
1003 4 -43.92 1003.81 -16.33 1 1002
1004 4 -42.04 1012.88 -16.25 1 1003
1005 4 -51.16 1019.37 -16.44 1 1004
1006 4 -52.4 1018.31 -16.15 1 1005
1007 4 -52.57 1020.87 -15.78 1 1005
1008 4 -54.23 1027.03 -15.8 1 1007
1009 4 -54.38 1035.67 -15.8 1 1008
1010 4 -58.31 1036.7 -15.8 1 1009
1011 4 -56.63 1041.07 -15.8 1 1010
1012 4 -61.96 1043.61 -15.8 1 1011
1013 4 -66.4 1043.42 -15.8 1 1012
1014 4 -71.64 1043.85 -15.8 1 1013
1015 4 -73.8 1047.15 -15.8 1 1014
1016 4 -78.38 1047.89 -15.8 1 1015
1017 4 -84.81 1048.44 -16.68 1 1016
1018 4 -86.52 1047.34 -16.54 1 1017
1019 4 -90.84 1047.87 -16 1 1018
1020 4 -97.34 1048.88 -16 1 1019
1021 4 -102.6 1050.95 -16 1 1020
1022 4 -58.35 1023.36 -16.29 1 1007
1023 4 -58.04 1030.41 -16.22 1 1022
1024 4 -59.88 1034.68 -16.22 1 1023
1025 4 -64.37 1033.31 -16.63 1 1024
1026 4 -73.9 1038.72 -16.63 1 1025
1027 4 -77.06 1042.4 -16.63 1 1026
1028 4 -79.52 1043.1 -16.63 1 1027
1029 4 -21.37 965.68 -16.92 1 996
1030 4 -23.28 970.41 -16.92 1 1029
1031 4 -27.57 975.38 -16.92 1 1030
1032 4 -31.26 979.48 -16.92 1 1031
1033 4 -26.44 986.26 -16.81 1 1032
1034 4 -28.24 993.34 -16.81 1 1033
1035 4 -30.32 995.98 -16.81 1 1034
1036 4 -29.5 999.8 -16.81 1 1035
1037 4 -30 1003.03 -16.81 1 1036
1038 4 -28.63 1004.8 -16.87 1 1037
1039 4 -36.24 1016.01 -16.65 1 1038
1040 4 -40.82 1016.74 -16.65 1 1039
1041 4 -60.49 1016.26 -16.67 1 1040
1042 4 -72.7 1017.67 -16.67 1 1041
1043 4 -83.97 1017.53 -16.19 1 1042
1044 4 -95.19 1020.2 -16.9 1 1043
1045 4 -101.81 1024.95 -16.9 1 1044
1046 4 -101.97 1030.13 -16.89 1 1045
1047 4 -107.53 1035.69 -16.89 1 1046
1048 4 -106.87 1042.07 -16.89 1 1047
1049 4 -112.22 1040.15 -16.89 1 1048
1050 4 -112.17 1047.41 -16.89 1 1049
1051 4 -119.62 1049.97 -16.53 1 1050
1052 4 -124.91 1049.23 -16.53 1 1051
1053 4 -139.03 1050.92 -16.19 1 1052
1054 4 30.99 648.8 -18.62 1 787
1055 4 27.87 658.31 -18.69 1 1054
1056 4 27.21 670.19 -18.35 1 1055
1057 4 29.44 683.04 -18.35 1 1056
1058 4 26.01 696.04 -18.29 1 1057
1059 4 20.87 723.16 -17.65 1 1058
1060 4 19.63 732.83 -17.65 1 1059
1061 4 21.1 743.04 -17.49 1 1060
1062 4 17.62 757.91 -17.49 1 1061
1063 4 16.17 776.27 -17.49 1 1062
1064 4 23.87 791.75 -17.01 1 1063
1065 4 26.41 807.39 -16.77 1 1064
1066 4 23.37 817.86 -16.31 1 1065
1067 4 27.03 829.41 -16.01 1 1066
1068 4 28.56 840.79 -16.01 1 1067
1069 4 22.68 852.88 -16.45 1 1068
1070 4 22.96 863.21 -15.81 1 1069
1071 4 25.68 868.38 -15.84 1 1070
1072 4 24.86 876.73 -15.88 1 1071
1073 4 16.29 890.89 -15.88 1 1072
1074 4 10.23 899.67 -15.88 1 1073
1075 4 6.82 917.14 -15.63 1 1074
1076 4 9.3 922.37 -15.66 1 1075
1077 4 16.26 927.48 -15.66 1 1076
1078 4 23.26 929.32 -15.66 1 1077
1079 4 25.11 935.58 -15.66 1 1078
1080 4 31.58 939.66 -15.51 1 1079
1081 4 34.71 943.7 -15.96 1 1080
1082 4 43.35 947.1 -15.96 1 1081
1083 4 45.12 958.5 -16.32 1 1082
1084 4 50.41 959.24 -15.79 1 1083
1085 4 57.18 964.1 -15.79 1 1084
1086 4 47.61 964.47 -15.66 1 1085
1087 4 42.67 967.51 -15.66 1 1086
1088 4 38.32 971.3 -15.66 1 1087
1089 4 32.03 970.93 -16.05 1 1088
1090 4 24.71 980.3 -15.44 1 1089
1091 4 12.51 986.15 -15.44 1 1090
1092 4 13.65 990.94 -15.44 1 1091
1093 4 13.97 991.91 -15.39 1 1092
1094 4 21.06 992.4 -15.48 1 1093
1095 4 25.59 996.58 -15.44 1 1094
1096 4 20.01 997.68 -15.44 1 1095
1097 4 22 1003.02 -15.44 1 1096
1098 4 18.67 1004.81 -15.44 1 1097
1099 4 21.36 1007.17 -15.44 1 1098
1100 4 19.27 1010.01 -15.44 1 1099
1101 4 21.63 1013.04 -15.44 1 1100
1102 4 17.24 1014.03 -15.44 1 1101
1103 4 18.86 1017.23 -15.44 1 1102
1104 4 22.87 1020.18 -15.44 1 1103
1105 4 20.11 1024.37 -15.04 1 1104
1106 4 16.45 1031.27 -14.98 1 1105
1107 4 20.8 1033.56 -14.98 1 1106
1108 4 25.23 1033.75 -14.98 1 1107
1109 4 22.3 1029.96 -15.04 1 1105
1110 4 26.93 1030.4 -15.04 1 1109
1111 4 26.7 1033.42 -15.04 1 1110
1112 4 30.22 1031.89 -15.04 1 1111
1113 4 29.69 1038.39 -15.04 1 1112
1114 4 11.03 994.2 -15.39 1 1093
1115 4 12.4 995.97 -15.39 1 1114
1116 4 15.13 995.06 -15.39 1 1115
1117 4 17.09 997.59 -15.39 1 1116
1118 4 19.11 999.65 -15.09 1 1117
1119 4 19.4 1003.89 -15.1 1 1118
1120 4 15.95 1004.96 -15.12 1 1119
1121 4 10.1 1006.28 -15.18 1 1120
1122 4 1.31 1009.88 -15.19 1 1121
1123 4 -3.59 1009.65 -15.19 1 1122
1124 4 -7.24 1010.47 -15.19 1 1123
1125 4 -14.12 1010.71 -14.53 1 1124
1126 4 -17.99 1012.91 -14.53 1 1125
1127 4 -12.74 1016.93 -14.53 1 1126
1128 4 -18.96 1022.18 -14.53 1 1127
1129 4 -23.23 1025.52 -14.53 1 1128
1130 4 -19.4 1026.59 -14.53 1 1129
1131 4 -21.55 1029.89 -14.53 1 1130
1132 4 -19.26 1031.75 -14.13 1 1131
1133 4 -15.52 1028.83 -14.13 1 1132
1134 4 -15.24 1033.07 -14.13 1 1133
1135 4 -11.42 1035.76 -14.13 1 1134
1136 4 -5.51 1034 -14.22 1 1135
1137 4 -0.55 1035.41 -14.47 1 1136
1138 4 6.67 1035.25 -14.2 1 1137
1139 4 12.12 1033.43 -14.2 1 1138
1140 4 22.76 1036.09 -14.2 1 1139
1141 4 -18.98 1035.99 -14.13 1 1132
1142 4 -15.24 1039.15 -14.13 1 1141
1143 4 -9.48 1039.94 -14.13 1 1142
1144 4 65.39 970.07 -15.55 1 1085
1145 4 72.75 969.6 -15.55 1 1144
1146 4 76.13 975.08 -15.55 1 1145
1147 4 83.78 981.89 -16.1 1 1146
1148 4 91.87 987.34 -16.1 1 1147
1149 4 91.96 991.33 -16.1 1 1148
1150 4 95.3 993.78 -16.1 1 1149
1151 4 99.96 992.59 -16.1 1 1150
1152 4 103.42 997.6 -16.1 1 1151
1153 4 102.51 1001.96 -16.1 1 1152
1154 4 108.87 1001.87 -16.1 1 1153
1155 4 111.33 1007.25 -16.32 1 1154
1156 4 107.09 1008.72 -16.13 1 1155
1157 4 104.27 1011.73 -16.13 1 1156
1158 4 100.82 1012.8 -16.13 1 1157
1159 4 101.95 1017.59 -16.13 1 1158
1160 4 93.41 1022.62 -15.82 1 1159
1161 4 90.8 1024.25 -15.82 1 1160
1162 4 -0.78 926.71 -15.53 1 1075
1163 4 -1.76 931.53 -15.23 1 1162
1164 4 -0.26 935.88 -15.35 1 1163
1165 4 3.87 939.56 -15.35 1 1164
1166 4 6.81 943.35 -15.31 1 1165
1167 4 6.38 952.2 -15.31 1 1166
1168 4 11.48 959.78 -15.12 1 1167
1169 4 14.35 964.03 -15.12 1 1168
1170 4 15.91 972.13 -14.85 1 1169
1171 4 17.42 977.65 -15.28 1 1170
1172 4 19.31 986.72 -15.28 1 1171
1173 4 24.67 993.09 -15.28 1 1172
1174 4 34.55 1002.21 -15.63 1 1173
1175 4 38.89 1004.5 -15.95 1 1174
1176 4 40.32 1007.45 -15.91 1 1175
1177 4 48.88 1008.68 -15.59 1 1176
1178 4 56.05 1007.96 -15.21 1 1177
1179 4 63.98 1009.89 -14.86 1 1178
1180 4 67.25 1013.01 -14.8 1 1179
1181 4 74.04 1011.58 -16.04 1 1180
1182 4 83.29 1014.1 -15.96 1 1181
1183 4 89.83 1015.89 -15.96 1 1182
1184 4 92.78 1018.05 -15.82 1 1183
1185 4 97.51 1022.48 -15.82 1 1184
1186 4 108.81 1025.21 -16.38 1 1185
1187 4 119.14 1025.26 -16.7 1 1186
1188 4 135.43 1026.35 -16.66 1 1187
1189 4 68.19 1018.97 -14.8 1 1180
1190 4 75.3 1029.25 -14.8 1 1189
1191 4 68.38 1031.39 -14.8 1 1190
1192 4 61.81 1032.87 -14.8 1 1191
1193 4 -3.22 937.94 -15.37 1 1163
1194 4 -6.63 940.19 -15.37 1 1193
1195 4 -9.97 948.06 -15.67 1 1194
1196 4 -19.26 950.45 -16.46 1 1195
1197 4 -30.12 955.26 -16.46 1 1196
1198 4 -38.39 960.09 -16.46 1 1197
1199 4 -49.35 962.55 -16.43 1 1198
1200 4 -54.7 966.72 -16.36 1 1199
1201 4 -57.55 967.18 -17.97 1 1200
1202 4 -70.97 970.34 -17.97 1 1201
1203 4 -80.56 974.57 -18.15 1 1202
1204 4 -87.55 977.18 -17.99 1 1203
1205 4 -98.19 980.61 -17.94 1 1204
1206 4 -106.85 984.93 -17.58 1 1205
1207 4 -115.62 986.9 -18.18 1 1206
1208 4 -120.5 991.11 -18.04 1 1207
1209 4 -126.78 990.75 -17.93 1 1208
1210 4 -128.41 993.63 -17.54 1 1209
1211 4 -134.83 998.63 -17.54 1 1210
1212 4 -144.78 1002.14 -18.04 1 1211
1213 4 -150.6 1000.18 -18.04 1 1212
1214 4 -152.36 1003.99 -18.04 1 1213
1215 4 -157.53 1003.97 -18.04 1 1214
1216 4 -163.3 1004.82 -18.04 1 1215
1217 4 -169.43 1007.98 -17.67 1 1216
1218 4 -175.99 1007.82 -17.84 1 1217
1219 4 -181.48 1006.82 -17.89 1 1218
1220 4 -196.95 1015.64 -17.89 1 1219
1221 4 -211.65 1014.94 -17.89 1 1220
1222 3 -12.64 -2 -60.05 1 1
1223 3 -22.62 -1.04 -55.44 1 1222
1224 3 -25.18 3.79 -75.31 1 1223
1225 3 -24.55 6.22 -75.31 1 1224
1226 3 -27.54 8.63 -75.31 1 1225
1227 3 -31.5 16.46 -80.8 1 1226
1228 3 -37.88 19.1 -75.97 1 1227
1229 3 -43.58 20.92 -79.48 1 1228
1230 3 -46.55 23.34 -79.48 1 1229
1231 3 -49.67 25.02 -79.48 1 1230
1232 3 -50.94 28.99 -79.48 1 1231
1233 3 -55.9 28.39 -81.02 1 1232
1234 3 -59.68 34.8 -81.02 1 1233
1235 3 -69.1 38.66 -77.83 1 1234
1236 3 -78.09 48.03 -78.82 1 1235
1237 3 -85.1 58.74 -82.99 1 1236
1238 3 -94.91 67.11 -87.71 1 1237
1239 3 -96.27 68.2 -83.54 1 1238
1240 3 -38.07 22.19 -74.65 1 1228
1241 3 -39.29 22.34 -74.65 1 1240
1242 3 -37.98 25.06 -74.65 1 1241
1243 3 -40.42 27.03 -74.65 1 1242
1244 3 -40.33 31.57 -74.65 1 1243
1245 3 -46.97 34.43 -73.44 1 1244
1246 3 -46 37.84 -70.59 1 1245
1247 3 -47.36 38.94 -70.7 1 1246
1248 3 -46.12 42.13 -70.7 1 1247
1249 3 -49.99 42.33 -70.7 1 1248
1250 3 -50.01 51.16 -67.84 1 1249
1251 3 -51.91 52.69 -67.84 1 1250
1252 3 -50.33 56.86 -67.95 1 1251
1253 3 -53.21 63.81 -64.44 1 1252
1254 3 -56.3 70.51 -63.01 1 1253
1255 3 -56.54 77.4 -63.23 1 1254
1256 3 -60.67 79.5 -63.34 1 1255
1257 3 -67.38 95 -62.79 1 1256
1258 3 -68.49 106.94 -58.18 1 1257
1259 3 -31.53 -2.63 -72.01 1 1223
1260 3 -45.7 -6.95 -63.45 1 1259
1261 3 -46.66 -7.22 -69.82 1 1260
1262 3 -52.07 -4.78 -80.91 1 1261
1263 3 -65.53 -6.46 -78.27 1 1262
1264 3 -69.32 -5.06 -79.26 1 1263
1265 3 -71.82 -3.32 -83.32 1 1264
1266 3 -80.52 -2.98 -80.91 1 1265
1267 3 -88.33 -2.11 -80.91 1 1266
1268 3 -95.63 3.8 -80.91 1 1267
1269 3 -112.22 15.97 -76.4 1 1268
1270 3 -115.55 15.74 -78.82 1 1269
1271 3 -120.22 19.94 -75.75 1 1270
1272 3 -126.93 21.6 -82.55 1 1271
1273 3 -131.21 22.97 -82.55 1 1272
1274 3 -140.43 27.08 -87.27 1 1273
1275 3 -117.97 21.05 -74.32 1 1269
1276 3 -132.06 27.44 -83.87 1 1275
1277 3 -135.94 27.64 -83.76 1 1276
1278 3 -140.95 30.86 -83.76 1 1277
1279 3 -146.21 39.31 -86.07 1 1278
1280 3 -150.55 41.14 -85.41 1 1279
1281 3 -75.41 0.01 -81.78 1 1265
1282 3 -78.6 0.49 -81.78 1 1281
1283 3 -78.88 -0.96 -81.78 1 1282
1284 3 -85.2 -2.13 -87.82 1 1283
1285 3 -88.73 -0.95 -87.82 1 1284
1286 3 -90.97 -2.06 -87.82 1 1285
1287 3 -101.16 -1.36 -87.82 1 1286
1288 3 -104.14 1.06 -87.82 1 1287
1289 3 -109.38 -1 -98.69 1 1288
1290 3 -111.75 0.5 -97.7 1 1289
1291 3 -115.21 1.21 -97.26 1 1290
1292 3 -117.72 3.65 -97.26 1 1291
1293 3 -122.87 2.81 -97.26 1 1292
1294 3 -126.27 4.71 -100.34 1 1293
1295 3 -74.37 -8.52 -78.71 1 1264
1296 3 -87.82 -8.53 -78.71 1 1295
1297 3 -93.06 -8.9 -81.34 1 1296
1298 3 -101.01 -10.43 -79.81 1 1297
1299 3 -112.22 -9.33 -79.81 1 1298
1300 3 -119.55 -8.42 -79.81 1 1299
1301 3 -136.2 -9.61 -79.81 1 1300
1302 3 -145.81 -16.51 -87.6 1 1301
1303 3 -154.58 -17.37 -87.6 1 1302
1304 3 -165.68 -22.93 -88.59 1 1303
1305 3 -173.91 -24.23 -88.59 1 1304
1306 3 -183.25 -31.34 -88.15 1 1305
1307 3 -189.64 -32.04 -88.15 1 1306
1308 3 -205.32 -41.99 -93.97 1 1307
1309 3 -206.5 -47.32 -93.97 1 1308
1310 3 -214.47 -52.19 -101.22 1 1309
1311 3 -217.2 -53.34 -98.69 1 1310
1312 3 -97.84 -14.26 -81.34 1 1297
1313 3 -96.51 -20.37 -81.34 1 1312
1314 3 -100.65 -19.95 -81.34 1 1313
1315 3 -111.55 -26.22 -81.34 1 1314
1316 3 -114.87 -26.46 -81.34 1 1315
1317 3 -122.59 -34.88 -79.15 1 1316
1318 3 -123.49 -35.42 -74.87 1 1317
1319 3 -57.4 -9.42 -67.4 1 1261
1320 3 -62.9 -9.58 -67.4 1 1319
1321 3 -67.13 -12.03 -67.4 1 1320
1322 3 -72.04 -11.21 -72.55 1 1321
1323 3 -87.69 -16.15 -81.67 1 1322
1324 3 -98.11 -20.71 -80.14 1 1323
1325 3 -106.15 -25.1 -80.14 1 1324
1326 3 -113.19 -33.24 -80.14 1 1325
1327 3 -122.62 -44.89 -82.33 1 1326
1328 3 -125.69 -47.02 -82.33 1 1327
1329 3 -133.58 -49.02 -87.71 1 1328
1330 3 -137.87 -51 -88.26 1 1329
1331 3 -140.7 -57.26 -90.35 1 1330
1332 3 -145.48 -60.94 -90.35 1 1331
1333 3 -151.19 -63.02 -90.35 1 1332
1334 3 -156.51 -66.26 -94.96 1 1333
1335 3 -158.92 -73.12 -98.03 1 1334
1336 3 -163.34 -74.15 -104.4 1 1335
1337 3 -165.67 -78.13 -104.4 1 1336
1338 3 -166.03 -82.45 -104.18 1 1337
1339 3 -69.73 -15.79 -67.4 1 1321
1340 3 -72.38 -15.74 -67.4 1 1339
1341 3 -74.63 -16.86 -67.4 1 1340
1342 3 -81.43 -18.06 -70.7 1 1341
1343 3 -94.98 -24.28 -68.16 1 1342
1344 3 -106.89 -28.47 -65.76 1 1343
1345 3 -112.11 -25.51 -65.76 1 1344
1346 3 -118.43 -26.68 -65.76 1 1345
1347 3 -125.06 -34.31 -70.48 1 1346
1348 3 -129.77 -38.46 -75.09 1 1347
1349 3 -137.33 -42.82 -81.89 1 1348
1350 3 -146.78 -43.98 -81.89 1 1349
1351 3 -162.03 -50.08 -88.04 1 1350
1352 3 -176.67 -57.09 -92.1 1 1351
1353 3 -181.65 -59.36 -92.1 1 1352
1354 3 -188.4 -64.38 -98.03 1 1353
1355 3 -194.4 -64.74 -96.82 1 1354
1356 3 -203.09 -64.41 -96.82 1 1355
1357 3 -209.39 -60.56 -96.82 1 1356
1358 3 -214.02 -61.85 -96.72 1 1357
1359 3 -224.81 -60.24 -102.09 1 1358
1360 3 -231.89 -62.89 -102.09 1 1359
1361 3 -240 -66.81 -102.09 1 1360
1362 3 -48.68 -18.38 -66.3 1 1260
1363 3 -56.13 -30.37 -68.5 1 1362
1364 3 -63.21 -43.52 -68.16 1 1363
1365 3 -68.27 -50.32 -70.04 1 1364
1366 3 -81.88 -56.06 -70.15 1 1365
1367 3 -88.83 -58.2 -76.29 1 1366
1368 3 -94.02 -62.38 -74.1 1 1367
1369 3 -101.92 -66.05 -74.1 1 1368
1370 3 -107.41 -64.53 -76.62 1 1369
1371 3 -46.26 1.32 -77.39 1 1259
1372 3 -50.05 2.73 -72.77 1 1371
1373 3 -56.57 5.63 -79.15 1 1372
1374 3 -63.83 7.73 -77.5 1 1373
1375 3 -76.23 14 -77.5 1 1374
1376 3 -90.38 24.2 -77.5 1 1375
1377 3 -103.94 30.15 -75.2 1 1376
1378 3 -116.23 44.3 -75.2 1 1377
1379 3 -126 48.84 -75.2 1 1378
1380 3 -131.76 50.57 -75.2 1 1379
1381 3 -49.82 7.98 -73.33 1 1372
1382 3 -58.58 10.46 -73.33 1 1381
1383 3 -65.67 18.3 -83.65 1 1382
1384 3 -69.25 23.29 -82.66 1 1383
1385 3 -76.35 29.46 -75.97 1 1384
1386 3 -79.61 30.42 -75.97 1 1385
1387 3 -79.39 32.35 -75.97 1 1386
1388 3 -82.85 33.05 -75.97 1 1387
1389 3 -92.33 40.72 -85.52 1 1388
1390 3 -92.11 44.32 -85.19 1 1389
1391 3 -94.68 45.57 -85.19 1 1390
1392 3 -96.76 50.19 -85.19 1 1391
1393 3 -97.99 51.32 -81.34 1 1392
1394 3 -95.81 52.92 -84.97 1 1393
1395 3 -96.32 58.37 -84.53 1 1394
1396 3 -94.27 60.9 -83.21 1 1395
1397 3 -97.4 60.91 -83.21 1 1396
1398 3 -100.29 66.19 -78.38 1 1397
1399 3 -12.33 -4.59 -38.64 1 1
1400 3 -22.92 -4.4 -40.28 1 1399
1401 3 -27.56 -2.6 -55 1 1400
1402 3 -32.59 -4.39 -56.63 1 1401
1403 3 -41.31 -0.85 -62.79 1 1402
1404 3 -55.78 -0.45 -62.46 1 1403
1405 3 -63.46 -2.2 -62.46 1 1404
1406 3 -69.99 -1.95 -62.46 1 1405
1407 3 -76.14 4.29 -67.73 1 1406
1408 3 -85.44 5.53 -67.73 1 1407
1409 3 -93.66 5.91 -70.04 1 1408
1410 3 -101.8 9.13 -70.04 1 1409
1411 3 -104.39 7.04 -73 1 1410
1412 3 -109.68 8.81 -76.73 1 1411
1413 3 -123.36 6.19 -83.76 1 1412
1414 3 -132.21 4.12 -83.76 1 1413
1415 3 -139.62 0.49 -83.76 1 1414
1416 3 -145.43 -4.46 -83.76 1 1415
1417 3 -152.21 -14.49 -83.76 1 1416
1418 3 -122.09 13.4 -77.61 1 1412
1419 3 -124.48 11.56 -77.61 1 1418
1420 3 -136.11 8.82 -78.71 1 1419
1421 3 -142.76 10.01 -78.71 1 1420
1422 3 -154.47 6.08 -78.71 1 1421
1423 3 -162.31 2.92 -78.71 1 1422
1424 3 -168.9 1.98 -83.54 1 1423
1425 3 -181 0.87 -87.93 1 1424
1426 3 -37.74 -14.06 -62.79 1 1402
1427 3 -44.42 -17.88 -62.79 1 1426
1428 3 -51.12 -26.71 -62.79 1 1427
1429 3 -58.06 -28.64 -64.99 1 1428
1430 3 -64.6 -33.4 -67.73 1 1429
1431 3 -70.15 -41.91 -73.55 1 1430
1432 3 -73.42 -44.29 -73.55 1 1431
1433 3 -77.25 -49.58 -72.12 1 1432
1434 3 -77.22 -56.73 -72.01 1 1433
1435 3 -78.66 -64.12 -74.1 1 1434
1436 3 -84.6 -69.8 -74.1 1 1435
1437 3 -86.34 -78.03 -74.1 1 1436
1438 3 -92.83 -84.94 -79.37 1 1437
1439 3 -94.14 -89.33 -79.37 1 1438
1440 3 -103.9 -96.95 -80.36 1 1439
1441 3 -112.82 -101.88 -80.47 1 1440
1442 3 -117.34 -109.12 -78.82 1 1441
1443 3 -23.87 -6.13 -40.28 1 1400
1444 3 -34.09 -12.36 -46.43 1 1443
1445 3 -35.96 -19.65 -45.33 1 1444
1446 3 -47.43 -30.49 -46.87 1 1445
1447 3 -50.1 -35.45 -48.41 1 1446
1448 3 -60.84 -49.82 -54.01 1 1447
1449 3 -63.52 -54.78 -53.68 1 1448
1450 3 -76.76 -66.71 -53.68 1 1449
1451 3 -85.51 -76.4 -57.41 1 1450
1452 3 -96.87 -81.03 -57.19 1 1451
1453 3 -101.79 -85.44 -59.16 1 1452
1454 3 -104.84 -92.06 -60.05 1 1453
1455 3 -110.57 -97.48 -60.71 1 1454
1456 3 -117.53 -104.42 -66.96 1 1455
1457 3 -122.23 -105.23 -66.85 1 1456
1458 3 -125.92 -109.79 -66.74 1 1457
1459 3 -129.59 -111.01 -66.74 1 1458
1460 3 -140.46 -110.59 -60.91 1 1459
1461 3 -146.72 -112.23 -60.91 1 1460
1462 3 -152.25 -117.4 -60.91 1 1461
1463 3 -155.79 -117.89 -60.91 1 1462
1464 3 -164.89 -130.24 -60.49 1 1463
1465 3 -170.28 -134.42 -62.79 1 1464
1466 3 -177.14 -135.15 -62.79 1 1465
1467 3 -185.87 -141.49 -68.94 1 1466
1468 3 -196.82 -143.95 -68.94 1 1467
1469 3 -197.38 -146.86 -68.94 1 1468
1470 3 -204.03 -145.66 -68.94 1 1469
1471 3 -219.41 -150.82 -68.94 1 1470
1472 3 -230.19 -159.7 -73.55 1 1471
1473 3 -239.82 -168.27 -74.54 1 1472
1474 3 -246.19 -174.25 -73.44 1 1473
1475 3 -36.29 -31.12 -45.33 1 1445
1476 3 -35.92 -37.3 -45.55 1 1475
1477 3 -35.48 -45.62 -45.44 1 1476
1478 3 -38.05 -56.53 -51.04 1 1477
1479 3 -41.89 -63.49 -51.04 1 1478
1480 3 -44.84 -69.91 -51.04 1 1479
1481 3 -43.25 -77.91 -51.04 1 1480
1482 3 -41.58 -83.03 -55.55 1 1481
1483 3 -42.01 -86.88 -54.78 1 1482
1484 3 -27.57 -9.02 -41.49 1 1443
1485 3 -23.92 -26.65 -47.97 1 1484
1486 3 -23.94 -33.34 -47.97 1 1485
1487 3 -23.84 -51.46 -50.28 1 1486
1488 3 -17.87 -58.19 -45.88 1 1487
1489 3 -20.85 -67.95 -45.88 1 1488
1490 3 -22.53 -78.33 -45.88 1 1489
1491 3 -26.51 -87.68 -50.49 1 1490
1492 3 -30.37 -96.31 -50.39 1 1491
1493 3 -32.08 -99.53 -50.28 1 1492
1494 3 -34.97 -106.42 -50.28 1 1493
1495 3 -36.3 -114.15 -50.28 1 1494
1496 3 -40.23 -125.64 -46.1 1 1495
1497 3 -38.55 -129.1 -53.13 1 1496
1498 3 -35.55 -100.5 -50.28 1 1493
1499 3 -7.9 -13.4 -35.89 1 1
1500 3 -14.63 -13.4 -30.72 1 1499
1501 3 -22.51 -15.4 -30.72 1 1500
1502 3 -36.34 -21.4 -36.11 1 1501
1503 3 -43.01 -23.55 -40.61 1 1502
1504 3 -47.64 -24.83 -40.61 1 1503
1505 3 -54.63 -24.62 -40.61 1 1504
1506 3 -60.09 -28.59 -40.61 1 1505
1507 3 -73.82 -30.05 -40.61 1 1506
1508 3 -86.8 -31.7 -40.07 1 1507
1509 3 -95.44 -33.51 -43.14 1 1508
1510 3 -100.67 -32.21 -43.14 1 1509
1511 3 -110.58 -34.48 -39.52 1 1510
1512 3 -116.48 -31.8 -39.52 1 1511
1513 3 -117.99 -34.77 -39.52 1 1512
1514 3 -127.03 -35.42 -38.75 1 1513
1515 3 -137.65 -40.24 -38.75 1 1514
1516 3 -152.42 -44.63 -40.61 1 1515
1517 3 -165.66 -44.39 -34.91 1 1516
1518 3 -174.08 -42.61 -46.21 1 1517
1519 3 -183.84 -38.06 -46.21 1 1518
1520 3 -200.57 -28.28 -50.17 1 1519
1521 3 -207.32 -19.46 -57.3 1 1520
1522 3 -210.02 -15.6 -66.74 1 1521
1523 3 -39.56 -25.92 -31.72 1 1502
1524 3 -44.26 -30.08 -37.21 1 1523
1525 3 -50.74 -33.64 -45.77 1 1524
1526 3 -55.99 -40.7 -45.55 1 1525
1527 3 -61.62 -48.74 -45.55 1 1526
1528 3 -63.4 -53.16 -45.55 1 1527
1529 3 -65.38 -54.5 -45.55 1 1528
1530 3 -65.79 -55 -45.77 1 1529
1531 3 -3.74 -17.39 -35.12 1 1
1532 3 -9.07 -23.98 -35.12 1 1531
1533 3 -13.38 -29.3 -30.29 1 1532
1534 3 -19.73 -35.48 -34.69 1 1533
1535 3 -26.8 -36.46 -34.69 1 1534
1536 3 -37.35 -40.08 -39.85 1 1535
1537 3 -51.04 -47.03 -40.61 1 1536
1538 3 -59.17 -49.39 -46.87 1 1537
1539 3 -66.96 -54.22 -40.83 1 1538
1540 3 -74.79 -58.36 -40.83 1 1539
1541 3 -80.18 -62.8 -44.68 1 1540
1542 3 -85.91 -66.55 -44.68 1 1541
1543 3 -88.91 -69.14 -45.77 1 1542
1544 3 -62.12 -55.81 -49.29 1 1538
1545 3 -72.23 -66.08 -49.29 1 1544
1546 3 -77.78 -71.46 -50.06 1 1545
1547 3 -79.16 -75.37 -50.06 1 1546
1548 3 -82.04 -80.59 -50.06 1 1547
1549 3 -86.55 -86.16 -63.12 1 1548
1550 3 -90.51 -90.5 -63.12 1 1549
1551 3 -90.59 -93.37 -63.12 1 1550
1552 3 -95.92 -98.28 -63.12 1 1551
1553 3 -100.28 -101.46 -63.12 1 1552
1554 3 -105.66 -102.56 -63.12 1 1553
1555 3 -108.53 -106.11 -63.12 1 1554
1556 3 -116.09 -112.14 -55.76 1 1555
1557 3 -115.39 -118.99 -55.76 1 1556
1558 3 -118.48 -126.14 -52.36 1 1557
1559 3 -114.25 -135.86 -52.58 1 1558
1560 3 -111.39 -149.49 -52.58 1 1559
1561 3 -112.26 -158.86 -52.58 1 1560
1562 3 -118.4 -164.79 -52.58 1 1561
1563 3 -120.19 -169.21 -52.58 1 1562
1564 3 -72.59 -70.39 -49.29 1 1545
1565 3 -71.87 -75.59 -48.85 1 1564
1566 3 -78.13 -77.23 -48.85 1 1565
1567 3 -82.42 -79.21 -50.82 1 1566
1568 3 -87.54 -83.87 -50.93 1 1567
1569 3 -91.22 -86.76 -50.93 1 1568
1570 3 -93.41 -90.02 -56.09 1 1569
1571 3 -97.37 -94.36 -56.09 1 1570
1572 3 -100.94 -99.86 -56.09 1 1571
1573 3 -103.01 -102.61 -64.11 1 1572
1574 3 -105.88 -106.15 -64.11 1 1573
1575 3 -117.66 -111.29 -64.11 1 1574
1576 3 -117.02 -119.36 -65.43 1 1575
1577 3 -116.71 -125.05 -65.43 1 1576
1578 3 -114.51 -133.96 -65.43 1 1577
1579 3 -110.24 -137.01 -65.43 1 1578
1580 3 -109.1 -140.02 -65.43 1 1579
1581 3 -108.23 -141.16 -65.43 1 1580
1582 3 -112.45 -143.61 -65.43 1 1581
1583 3 -112.94 -145.3 -65.43 1 1582
1584 3 -110.7 -145.87 -65.43 1 1583
1585 3 -58.3 -58.76 -40.61 1 1537
1586 3 -59.83 -65.06 -40.61 1 1585
1587 3 -65.29 -72.14 -40.28 1 1586
1588 3 -66.27 -77.22 -40.28 1 1587
1589 3 -69.7 -85.34 -40.17 1 1588
1590 3 -71.98 -91.47 -40.17 1 1589
1591 3 -73.56 -95.64 -40.17 1 1590
1592 3 -75.54 -96.97 -40.17 1 1591
1593 3 -82.37 -118.69 -44.13 1 1592
1594 3 -91.2 -131.24 -45.77 1 1593
1595 3 -94.35 -139.43 -45.77 1 1594
1596 3 -93.09 -145.07 -45.77 1 1595
1597 3 -91.36 -152.34 -45.44 1 1596
1598 3 -92.76 -161.27 -45.44 1 1597
1599 3 -91.78 -168.35 -42.81 1 1598
1600 3 -91.42 -172.18 -43.69 1 1599
1601 3 -0.36 -17.02 -9.11 1 1
1602 3 -0.66 -23.48 -9.11 1 1601
1603 3 -1.57 -29.03 -9.11 1 1602
1604 3 -3.24 -36.07 -22.94 1 1603
1605 3 -3.33 -40.61 -22.94 1 1604
1606 3 -5.45 -46.01 -22.94 1 1605
1607 3 -13.91 -50.91 -7.46 1 1606
1608 3 -16.18 -55.37 -7.46 1 1607
1609 3 -17.91 -61.94 -6.8 1 1608
1610 3 -17.32 -66.19 -17.78 1 1609
1611 3 -21.76 -70.38 -27.66 1 1610
1612 3 -22.67 -74.26 -27.54 1 1611
1613 3 -27.92 -77.97 -27.54 1 1612
1614 3 -27.05 -80.78 -27.54 1 1613
1615 3 -30.26 -85.3 -27.54 1 1614
1616 3 -38.16 -88.97 -28.21 1 1615
1617 3 -46.59 -90.53 -28.21 1 1616
1618 3 -55.38 -96.4 -27.99 1 1617
1619 3 -61.52 -98.99 -29.53 1 1618
1620 3 -66.96 -101.29 -29.09 1 1619
1621 3 -74.33 -107.07 -29.09 1 1620
1622 3 -80.75 -112.78 -28.65 1 1621
1623 3 -92.59 -117.44 -28.65 1 1622
1624 3 -97.42 -118.98 -28.65 1 1623
1625 3 -101.71 -120.96 -28.65 1 1624
1626 3 -102.94 -122.48 -28.21 1 1625
1627 3 -106.55 -124.17 -34.36 1 1626
1628 3 -109.68 -124.15 -34.36 1 1627
1629 3 -111.38 -124.04 -32.49 1 1628
1630 3 -14.91 -73.17 -10.75 1 1610
1631 3 -15.15 -80.11 -10.75 1 1630
1632 3 -17.76 -87.21 -10.75 1 1631
1633 3 -20.16 -90.73 -10.75 1 1632
1634 3 -21.62 -97.51 -10.75 1 1633
1635 3 -27.47 -98.65 -10.3 1 1634
1636 3 -28.92 -103.76 -10.3 1 1635
1637 3 -30.91 -106.77 -10.3 1 1636
1638 3 -34.46 -110.6 -10.3 1 1637
1639 3 -39.57 -113.59 -10.3 1 1638
1640 3 -45.37 -118.54 -10.3 1 1639
1641 3 -46.22 -126.23 -10.3 1 1640
1642 3 -44.82 -129.29 -8.34 1 1641
1643 3 -47.07 -130.4 -8.23 1 1642
1644 3 -47.03 -135.89 -8.23 1 1643
1645 3 -48.93 -136.02 -8.23 1 1644
1646 3 -51.99 -138.15 -8.23 1 1645
1647 3 -56.07 -138.2 -8.23 1 1646
1648 3 -57.12 -142.8 -8.23 1 1647
1649 3 -58.28 -144.8 -8.23 1 1648
1650 3 -61.95 -144.35 -8.23 1 1649
1651 3 -64.06 -146.41 -8.23 1 1650
1652 3 -63.54 -150.19 -11.3 1 1651
1653 3 -66.81 -152.57 -11.08 1 1652
1654 3 -68.73 -156.05 -11.08 1 1653
1655 3 -66.03 -158.24 -11.08 1 1654
1656 3 -67.6 -160.74 -11.08 1 1655
1657 3 -64.62 -163.15 -11.08 1 1656
1658 3 -65.59 -166.56 -9.54 1 1657
1659 3 -60.38 -172.87 -8.78 1 1658
1660 3 -62.19 -178.96 -8.78 1 1659
1661 3 -60.35 -178.35 -8.78 1 1660
1662 3 -59.46 -179.48 -6.69 1 1661
1663 3 -60.98 -180.78 -6.69 1 1662
1664 3 -62.94 -180.45 -6.69 1 1663
1665 3 -61.26 -182.24 -4.71 1 1664
1666 3 -63.91 -183.86 -4.71 1 1665
1667 3 -65.68 -183.27 -4.71 1 1666
1668 3 -66.55 -180.47 -4.71 1 1667
1669 3 -68.24 -180.35 -4.71 1 1668
1670 3 -68.74 -183.73 -2.74 1 1669
1671 3 1.65 -15.91 -7.57 1 1
1672 3 3.07 -17.48 -12.29 1 1671
1673 3 3.12 -19.62 -12.29 1 1672
1674 3 1.49 -19.97 -8.55 1 1673
1675 3 2.16 -21.36 -8.55 1 1674
1676 3 3.04 -22.48 -8.55 1 1675
1677 3 1.21 -23.1 -8.55 1 1676
1678 3 3.44 -23.65 -8.55 1 1677
1679 3 3.1 -24.62 -8.78 1 1678
1680 3 1.19 -26.44 -8.78 1 1679
1681 3 3.21 -28.92 -8.23 1 1680
1682 3 1.71 -30.22 -16.46 1 1681
1683 3 1.9 -33.31 -16.46 1 1682
1684 3 3.38 -37.02 -14.48 1 1683
1685 3 -0.04 -41.8 -14.48 1 1684
1686 3 0.15 -43.21 -14.48 1 1685
1687 3 -1.68 -42.15 -14.48 1 1686
1688 3 -2.57 -44.36 -14.48 1 1687
1689 3 -5.9 -44.6 -14.48 1 1688
1690 3 -9.11 -47.46 -10.2 1 1689
1691 3 -11.9 -48.13 -10.2 1 1690
1692 3 -13.87 -49.47 -10.2 1 1691
1693 3 -15.92 -50.33 -10.2 1 1692
1694 3 -16 -53.2 -10.2 1 1693
1695 3 -19.8 -55.14 -11.41 1 1694
1696 3 -17.82 -57.39 -13.28 1 1695
1697 3 -20.34 -58.28 -8.01 1 1696
1698 3 -20.8 -58.33 -8.01 1 1697
1699 3 -22.99 -58.24 -8.01 1 1698
1700 3 -19.05 -60.59 -8.01 1 1698
1701 3 5.2 -14.37 -16.02 1 1
1702 3 9.73 -19.29 -14.16 1 1701
1703 3 11.51 -28.71 -14.16 1 1702
1704 3 19.98 -48.14 -10.86 1 1703
1705 3 20.48 -56.92 -10.86 1 1704
1706 3 19.69 -65.1 -10.86 1 1705
1707 3 20.38 -75.31 -10.86 1 1706
1708 3 21.51 -81.67 -10.86 1 1707
1709 3 23.7 -92.25 -10.86 1 1708
1710 3 27.8 -99.35 -13.94 1 1709
1711 3 28.07 -113.41 -13.72 1 1710
1712 3 31.31 -117.71 -13.72 1 1711
1713 3 33.48 -133.3 -13.5 1 1712
1714 3 34.89 -138.04 -10.53 1 1713
1715 3 38.96 -151.83 -10.53 1 1714
1716 3 29.71 -168.24 -10.53 1 1715
1717 3 25.75 -172.58 -10.53 1 1716
1718 3 24.75 -181 -10.53 1 1717
1719 3 20.82 -192.49 -14.81 1 1718
1720 3 7.24 -12.88 -13.94 1 1
1721 3 24.97 -26.4 -12.4 1 1720
1722 3 28.48 -30.92 -11.08 1 1721
1723 3 32.99 -37.52 -11.08 1 1722
1724 3 32.78 -41.11 -11.08 1 1723
1725 3 27.84 -48.86 -17.01 1 1724
1726 3 27.23 -49.62 -14.81 1 1725
1727 3 26.02 -54.73 -14.16 1 1726
1728 3 26.05 -61.88 -14.05 1 1727
1729 3 26.9 -69.7 -14.7 1 1728
1730 3 29.44 -77.62 -11.19 1 1729
1731 3 31.99 -83.88 -16.46 1 1730
1732 3 36.64 -91.42 -16.46 1 1731
1733 3 37.22 -97.35 -16.46 1 1732
1734 3 39.99 -101.68 -16.46 1 1733
1735 3 43.56 -106.67 -16.46 1 1734
1736 3 42.97 -108.56 -13.83 1 1735
1737 3 48.3 -115.81 -22.5 1 1736
1738 3 49.64 -118.58 -22.5 1 1737
1739 3 51.39 -124.18 -19.64 1 1738
1740 3 50.11 -135.71 -19.64 1 1739
1741 3 56.95 -152.17 -19.64 1 1740
1742 3 55.49 -158.95 -19.64 1 1741
1743 3 59.05 -167.29 -19.64 1 1742
1744 3 61.63 -182.37 -19.64 1 1743
1745 3 64.46 -185.51 -19.64 1 1744
1746 3 70.98 -187.43 -19.64 1 1745
1747 3 77.03 -199.88 -24.7 1 1746
1748 3 77.05 -208.7 -24.7 1 1747
1749 3 82.8 -213.78 -24.7 1 1748
1750 3 84.61 -218.18 -19.75 1 1749
1751 3 86.8 -232.82 -19.75 1 1750
1752 3 47.18 -123.29 -22.94 1 1738
1753 3 42 -127.48 -22.94 1 1752
1754 3 35.72 -132.46 -22.94 1 1753
1755 3 29.56 -141.73 -22.94 1 1754
1756 3 28.97 -149.64 -22.94 1 1755
1757 3 18.12 -159.72 -22.94 1 1756
1758 3 18.14 -170.22 -22.94 1 1757
1759 3 17.37 -173.38 -22.94 1 1758
1760 3 24.93 -55.52 -16.79 1 1726
1761 3 28.03 -60.55 -16.79 1 1760
1762 3 26.44 -66.39 -16.79 1 1761
1763 3 24.31 -71.79 -16.79 1 1762
1764 3 17.06 -80.18 -18.99 1 1763
1765 3 18.86 -86.26 -17.78 1 1764
1766 3 19.98 -94.29 -17.01 1 1765
1767 3 18.11 -101.58 -18.99 1 1766
1768 3 20.87 -105.91 -18.99 1 1767
1769 3 16.93 -106.91 -18.99 1 1768
1770 3 16.7 -112.18 -17.23 1 1769
1771 3 12.87 -115.79 -21.29 1 1770
1772 3 9.55 -116.03 -21.18 1 1771
1773 3 11.83 -120.4 -19.97 1 1772
1774 3 27.56 -24.3 -14.38 1 1721
1775 3 35.09 -26.62 -17.67 1 1774
1776 3 37.11 -30.78 -12.62 1 1775
1777 3 39.36 -29.67 -15.14 1 1776
1778 3 43.49 -31.76 -15.14 1 1777
1779 3 43.82 -34.12 -15.14 1 1778
1780 3 47.82 -33.59 -15.25 1 1779
1781 3 52.7 -37.54 -15.25 1 1780
1782 3 51.12 -40.04 -15.25 1 1781
1783 3 49.89 -43.23 -13.06 1 1782
1784 3 41.41 -27.12 -21.07 1 1775
1785 3 47.84 -31.92 -14.27 1 1784
1786 3 51.71 -32.12 -14.27 1 1785
1787 3 60.42 -29.11 -16.24 1 1786
1788 3 76.45 -30.35 -12.84 1 1787
1789 3 87.33 -27.42 -8.78 1 1788
1790 3 90.86 -28.6 -9 1 1789
1791 3 96.64 -26.98 -11.08 1 1790
1792 3 104.85 -29.03 -12.18 1 1791
1793 3 107.24 -27.19 -7.13 1 1792
1794 3 108.87 -28.5 -7.13 1 1793
1795 3 85.53 -35.19 -11.41 1 1788
1796 3 94.74 -40.97 -11.41 1 1795
1797 3 12.44 -3.68 -13.94 1 1
1798 3 13.93 -5.72 -13.94 1 1797
1799 3 14.13 -7.13 -10.64 1 1798
1800 3 15.67 -11.32 -15.03 1 1799
1801 3 13.91 -1.47 0.34 1 1
1802 3 16.56 -1.52 0.34 1 1801
1803 3 19.54 -5.36 6.7 1 1802
1804 3 28.56 -8.05 6.7 1 1803
1805 3 32.35 -11.12 6.7 1 1804
1806 3 36.36 -10.59 6.7 1 1805
1807 3 46 -12.53 6.7 1 1806
1808 3 55.58 -13.99 -1.97 1 1807
1809 3 62.91 -14.89 -1.97 1 1808
1810 3 72.4 -19.22 -1.86 1 1809
1811 3 87.79 -24.55 -1.75 1 1810
1812 3 94.91 -25.72 -1.75 1 1811
1813 3 102.26 -26.62 -1.75 1 1812
1814 3 107.07 -28.43 -1.75 1 1813
1815 3 109.43 -31.6 -2.19 1 1814
1816 3 25.53 -2.07 0.34 1 1802
1817 3 31.49 -5.22 -7.24 1 1816
1818 3 40.83 -11.95 -7.24 1 1817
1819 3 43.11 -17.99 -7.24 1 1818
1820 3 48.39 -23.1 -7.24 1 1819
1821 3 60.43 -33.68 -7.24 1 1820
1822 3 62.35 -42.37 -6.14 1 1821
1823 3 66.48 -46.13 -6.14 1 1822
1824 3 71.88 -52.19 -6.14 1 1823
1825 3 76 -57.62 -6.14 1 1824
1826 3 78.13 -67.73 -6.14 1 1825
1827 3 79.44 -75.5 -6.14 1 1826
1828 3 86.08 -81.47 -5.81 1 1827
1829 3 87.21 -86.16 -5.81 1 1828
1830 3 92.58 -86.73 -0.87 1 1829
1831 3 96.77 -90.96 -0.87 1 1830
1832 3 98.17 -95.87 -0.87 1 1831
1833 3 102.63 -100.32 -0.87 1 1832
1834 3 104.83 -109.23 -5.48 1 1833
1835 3 39.49 -5.37 0.93 1 1817
1836 3 46.17 -13.5 0.93 1 1835
1837 3 48.69 -8.88 12.8 1 1836
1838 3 55.82 -6.78 12.8 1 1837
1839 3 58.93 -5.12 40.92 1 1838
1840 3 69.19 2.27 27.8 1 1839
1841 3 73.36 4.46 27.8 1 1840
1842 3 76.68 9.98 34.67 1 1841
1843 3 84.22 12.52 18.43 1 1842
1844 3 97.28 23.48 17.18 1 1843
1845 3 107.72 18.78 17.18 1 1844
1846 3 111.34 22.82 17.18 1 1845
1847 3 117.12 22.5 17.18 1 1846
1848 3 129.81 32.15 17.18 1 1847
1849 3 131.62 40.89 17.18 1 1848
1850 3 131.08 43 17.18 1 1849
1851 3 128.84 45.01 17.18 1 1850
1852 3 61.27 -8.83 10.93 1 1838
1853 3 67.48 -13.18 10.93 1 1852
1854 3 76.42 -16.75 10.93 1 1853
1855 3 78.11 -24.33 10.93 1 1854
1856 3 82.11 -27.1 10.93 1 1855
1857 3 87.66 -31.27 11.55 1 1856
1858 3 92.69 -33.34 12.8 1 1857
1859 3 100.29 -39.75 13.43 1 1858
1860 3 33.36 2.07 0.34 1 1816
1861 3 38.33 4.34 -1.31 1 1860
1862 3 44.25 5 -1.31 1 1861
1863 3 51.18 5.26 -1.31 1 1862
1864 3 63.15 7.31 2.42 1 1863
1865 3 71.79 10.79 2.42 1 1864
1866 3 82.46 11.79 2.42 1 1865
1867 3 86.96 14.02 2.42 1 1866
1868 3 100.45 20.72 7.25 1 1867
1869 3 103.92 21.68 7.25 1 1868
1870 3 112.68 20.88 7.25 1 1869
1871 3 116.63 23.55 7.25 1 1870
1872 3 126 21.83 7.03 1 1871
1873 3 128.65 21.78 7.03 1 1872
1874 3 136.11 19.93 7.03 1 1873
1875 3 137.88 21.01 7.03 1 1874
1876 3 141.14 20.05 7.03 1 1875
1877 3 33.48 -2.22 0.34 1 1860
1878 3 37.77 -0.24 0.34 1 1877
1879 3 43.79 -5.53 0.57 1 1878
1880 3 43.15 -11.3 -0.43 1 1879
1881 3 12.48 3.63 1.43 1 1
1882 3 15.75 6.01 1.43 1 1881
1883 3 22.2 4.56 1.43 1 1882
1884 3 26.5 8.21 3.19 1 1883
1885 3 38.15 14.3 8.68 1 1884
1886 3 43.47 19.2 8.68 1 1885
1887 3 51.64 24.33 13.29 1 1886
1888 3 55.67 40.36 14.61 1 1887
1889 3 63.82 45.77 7.91 1 1888
