# id type x y z radius parent
1 1 0 0 0 1 -1
2 3 9.9 -10.27 0 1 1
3 3 11.6 -14.79 0 1 2
4 3 14.51 -10.75 0 1 3
5 3 12.53 -5.89 0 1 4
6 3 15.15 -10.51 0 1 5
7 3 22.21 -11.25 0 1 6
8 3 26.07 -12.9 0 1 7
9 3 31.44 -15.01 0 1 8
10 3 38.4 -16.68 9.19 1 9
11 3 45.07 -21.1 9.33 1 10
12 3 49.73 -24.08 9.6 1 11
13 3 53.59 -25.71 8.4 1 12
14 3 57.01 -28.57 6.13 1 13
15 3 61.73 -30.92 6.27 1 14
16 3 66.92 -31.78 12.4 1 15
17 3 71.25 -31.92 12.4 1 16
18 3 76.66 -30.63 12.4 1 17
19 3 79.08 -31.2 17.32 1 18
20 3 85.51 -29.08 17.32 1 19
21 3 95.61 -30.45 14.53 1 20
22 3 101.59 -26.73 14.4 1 21
23 3 108.5 -25.91 21.59 1 22
24 3 112.59 -25.41 21.59 1 23
25 3 119 -25.96 12.4 1 24
26 3 126.44 -26.13 12.4 1 25
27 3 130.98 -24.13 13.46 1 26
28 3 137.44 -24.81 15.73 1 27
29 3 142.61 -22.87 11.2 1 28
30 3 148.26 -28.12 16.8 1 29
31 3 152.07 -27.27 20.79 1 30
32 3 154.77 -28.18 17.6 1 31
33 3 18.19 -4.14 8.52 1 5
34 3 21.76 -2.66 8.52 1 33
35 3 22.23 1.95 8.52 1 34
36 3 24.3 0.8 8.52 1 35
37 3 23 6.21 8.52 1 36
38 3 25.89 7.15 14.26 1 37
39 3 26.91 7.97 14.26 1 38
40 3 29.93 10.14 14.26 1 39
41 3 31.21 13.42 16.66 1 40
42 3 35.92 16.96 16.66 1 41
43 3 41.59 20.71 10.93 1 42
44 3 47.7 25.65 10.93 1 43
45 3 54.42 30.53 10.93 1 44
46 3 63.1 39.24 10.93 1 45
47 3 67.26 43.46 10.93 1 46
48 3 68.78 46.1 10.93 1 47
49 3 73.92 47.72 12.8 1 48
50 3 76.15 51.21 16.66 1 49
51 3 81.63 57.9 15.06 1 50
52 3 32.12 9.1 12.4 1 39
53 3 33.48 10.2 12.4 1 52
54 3 36.06 11.17 12.53 1 53
55 3 37.65 14.42 10.4 1 54
56 3 40.44 14.45 10.4 1 55
57 3 42.23 16.73 10.13 1 56
58 3 30.81 5.52 17.86 1 38
59 3 34.13 4.55 17.86 1 58
60 3 36.84 6.75 17.86 1 59
61 3 39.33 6.8 17.86 1 60
62 3 40.26 9.81 13.86 1 61
63 3 26.66 -1.49 16.53 1 36
64 3 29.55 -0.56 16.53 1 63
65 3 31.09 -0.72 16.53 1 64
66 3 33.87 -3.8 16.53 1 65
67 3 34.45 -4.18 16.53 1 66
68 3 36.74 -5.97 16.53 1 67
69 3 38.42 -7.7 16.53 1 68
70 3 37.58 -9.78 10.4 1 69
71 3 36.29 -10.27 10.4 1 70
72 3 37.23 -13.16 16.8 1 71
73 3 36.42 -14.93 16.8 1 72
74 3 36.63 -15.88 16.8 1 73
75 3 38.3 -22.4 17.86 1 74
76 3 42.12 -27.45 13.2 1 75
77 3 46.3 -31.93 13.2 1 76
78 3 48.49 -37.74 13.2 1 77
79 3 51.7 -39.63 13.06 1 78
80 3 56.01 -42.88 13.2 1 79
81 3 62.24 -54.4 13.2 1 80
82 3 63.95 -58.92 18.8 1 81
83 3 67.47 -60.84 18.8 1 82
84 3 69.41 -66.01 18.8 1 83
85 3 83.86 -76.22 23.06 1 84
86 3 89.11 -82.36 18.93 1 85
87 3 91.9 -88.24 23.33 1 86
88 3 92.02 -90.11 22.93 1 87
89 3 100.42 -92.86 18 1 88
90 3 107.53 -94.36 18 1 89
91 3 112.42 -97.98 18 1 90
92 3 116.23 -103.03 23.33 1 91
93 3 32.24 -6.25 16.53 1 67
94 3 32.11 -7.48 16.53 1 93
95 3 33.27 -8.23 14 1 94
96 3 35.03 -6.24 20.66 1 95
97 3 35.18 -7.8 15.2 1 96
98 3 36.55 -9.5 15.6 1 97
99 3 39.8 -11.08 14.93 1 98
100 3 41.67 -10.97 15.33 1 99
101 3 14.89 -17.78 7.06 1 3
102 3 18.48 -19.08 7.73 1 101
103 3 18.57 -18.16 7.73 1 102
104 3 19.04 -16.66 7.73 1 103
105 3 21.55 -16.3 12.26 1 104
106 3 24.1 -18.74 14 1 105
107 3 26.72 -23.35 14 1 106
108 3 29.41 -24.27 14 1 107
109 3 34.32 -24.78 12.4 1 108
110 3 39.45 -26.24 13.86 1 109
111 3 45.31 -26.56 14 1 110
112 3 49.32 -26.67 11.33 1 111
113 3 52.99 -27.37 15.2 1 112
114 3 57.74 -26.32 13.86 1 113
115 3 63.23 -24.41 14.8 1 114
116 3 68.24 -23.99 14.8 1 115
117 3 72.89 -21.08 14.8 1 116
118 3 79.59 -19.3 16.53 1 117
119 3 84.08 -17.91 16.66 1 118
120 3 88.78 -17.46 16.66 1 119
121 3 89.72 -14.47 17.86 1 120
122 3 94.52 -13.11 18.8 1 121
123 3 45.97 -29.1 12.13 1 110
124 3 53.03 -29.85 12.13 1 123
125 3 60.6 -31.58 12.13 1 124
126 3 70.13 -32.58 12.13 1 125
127 3 76.85 -33.6 12.8 1 126
128 3 85.14 -34.47 12.8 1 127
129 3 89.03 -35.81 9.33 1 128
130 3 95.2 -36.15 9.33 1 129
131 3 100.36 -37.31 9.6 1 130
132 3 104.39 -40.22 9.6 1 131
133 3 110.32 -39.91 9.73 1 132
134 3 117.03 -38.13 11.86 1 133
135 3 122.07 -37.42 11.86 1 134
136 3 126.45 -36.95 11.86 1 135
137 3 131.83 -38.62 11.46 1 136
138 3 137.73 -35.51 11.46 1 137
139 3 143 -32.65 11.46 1 138
140 3 149.97 -34.32 8.13 1 139
141 3 153.1 -34.02 8.13 1 140
142 3 158.4 -30.85 8.13 1 141
143 3 82.07 -39.59 4.13 1 127
144 3 83.83 -43.5 4.13 1 143
145 3 88.48 -46.47 6.13 1 144
146 3 91.36 -54.54 6.13 1 145
147 3 92.64 -63.05 6.13 1 146
148 3 94.83 -65.76 6.13 1 147
149 3 99.2 -65.6 16 1 148
150 3 34.95 -26.53 19.86 1 108
151 3 39.02 -29.13 19.86 1 150
152 3 44.42 -30.94 19.86 1 151
153 3 47.71 -29.1 12.66 1 152
154 3 50.4 -33.12 12.66 1 153
155 3 58.46 -33.04 19.05 1 154
156 3 61.77 -37.11 19.05 1 155
157 3 65.16 -34.36 19.05 1 156
158 3 71.2 -35.93 19.05 1 157
159 3 75.31 -38.22 18.13 1 158
160 3 22.3 -19.93 14.8 1 103
161 3 23.85 -22.88 14.26 1 160
162 3 26.42 -25.01 14.26 1 161
163 3 28.28 -27.99 14.26 1 162
164 3 31.38 -33.92 12.13 1 163
165 3 35.13 -39.59 12 1 164
166 3 36.83 -44.11 16.53 1 165
167 3 40.22 -47.26 20.26 1 166
168 3 44.69 -48.97 15.06 1 167
169 3 44.97 -49.31 15.2 1 168
170 3 47.02 -50.46 15.2 1 169
171 3 48.56 -50.62 15.2 1 170
172 3 51.07 -50.26 15.2 1 171
173 3 50.82 -49.62 11.33 1 172
174 3 49.99 -51.7 25.59 1 170
175 3 52.9 -53.56 19.46 1 174
176 3 44.4 -51.73 16.66 1 169
177 3 48.75 -54.67 16.66 1 176
178 3 52.39 -58.47 10.93 1 177
179 3 57.82 -62.77 10.93 1 178
180 3 63.7 -68.97 10.93 1 179
181 3 68.74 -74.15 10.93 1 180
182 3 71.32 -79.08 13.46 1 181
183 3 77.22 -84.98 12.8 1 182
184 3 80.16 -86.53 12.8 1 183
185 3 84.35 -91 12.8 1 184
186 3 89.95 -93.76 19.32 1 185
187 3 93.82 -95.41 22.66 1 186
188 3 97.52 -98.59 22.26 1 187
189 3 98.86 -100.59 22.26 1 188
190 3 106.42 -105.43 29.19 1 189
191 3 116.23 -109.74 11.86 1 190
192 3 119.84 -113.84 11.86 1 191
193 3 124.22 -116.47 11.86 1 192
194 3 123.39 -121.35 16.53 1 193
195 3 123.51 -123.23 16.53 1 194
196 3 129.57 -121.69 19.05 1 193
197 3 130.63 -129.25 19.05 1 196
198 3 19.26 -22.41 8 1 102
199 3 21.59 -23.9 8 1 198
200 3 28.62 -30.84 8 1 199
201 3 35.57 -35.61 8 1 200
202 3 38.86 -39.68 8 1 201
203 3 40.35 -43.25 14.13 1 202
204 3 45.04 -45.92 14.13 1 203
205 3 38.57 -48.34 16.93 1 203
206 3 39.14 -51.81 16.93 1 205
207 3 37.32 -60.31 16.93 1 206
208 3 37.83 -67.19 17.86 1 207
209 3 38.53 -75.34 17.86 1 208
210 3 41.63 -81.25 13.06 1 209
211 3 43.8 -84.27 13.06 1 210
212 3 52.21 -89.81 17.6 1 211
213 3 53.82 -95.25 17.6 1 212
214 3 55.37 -101.2 18.13 1 213
215 3 60.02 -110.06 18.13 1 214
216 3 58.99 -113.99 18.13 1 215
217 3 51.03 -121.84 18.13 1 216
218 3 44.07 -131.98 18.13 1 217
219 3 41.26 -140.99 18.13 1 218
220 3 4.31 -16.2 15.73 1 1
221 3 6.11 -19.8 10 1 220
222 3 4.83 -23.08 10 1 221
223 3 1.24 -27.67 10 1 222
224 3 -2.33 -29.16 15.06 1 223
225 3 -2.36 -29.46 15.06 1 224
226 3 -2.34 -32.26 6.27 1 225
227 3 -3.55 -38.2 9.06 1 226
228 3 -6.22 -42.89 9.06 1 227
229 3 -7.45 -51.76 9.06 1 228
230 3 -16.85 -58.53 9.06 1 229
231 3 -19.25 -63.55 9.06 1 230
232 3 -24.98 -73.81 9.06 1 231
233 3 -30.1 -78.24 12.13 1 232
234 3 -32.54 -86.67 12.13 1 233
235 3 -33.18 -92.81 12.13 1 234
236 3 -32.71 -97.21 12.13 1 235
237 3 -31.81 -100.41 12.13 1 236
238 3 -30.88 -102.48 8.66 1 237
239 3 -31.69 -104.25 8.66 1 238
240 3 -31.01 -109.59 10.66 1 239
241 3 -31.49 -114.2 10.66 1 240
242 3 -33.24 -118.99 11.46 1 241
243 3 -30.44 -118.97 11.73 1 242
244 3 -33.27 -125.19 13.86 1 242
245 3 -33.29 -131.39 20.93 1 244
246 3 -27.77 -131.98 20.93 1 245
247 3 -26.53 -129 20.93 1 246
248 3 -24.01 -131.75 20.93 1 247
249 3 -20.83 -130.84 20.93 1 248
250 3 -33.99 -135.05 9.73 1 245
251 3 -35.45 -137.07 9.73 1 250
252 3 -37.53 -136.23 9.73 1 251
253 3 -4.65 -28.12 15.46 1 225
254 3 -4.71 -28.74 15.46 1 253
255 3 -5.75 -26.77 15.46 1 254
256 3 -7.13 -30.96 15.46 1 254
257 3 -8.51 -26.48 11.33 1 256
258 3 -5.57 -33.92 10.26 1 224
259 3 -6.81 -36.9 10 1 258
260 3 2.27 -20.03 1.47 1 1
261 3 2.54 -20.37 1.47 1 260
262 3 8.21 -22.52 1.47 1 261
263 3 13.58 -24.63 1.47 1 262
264 3 18.5 -27.94 1.47 1 263
265 3 25.03 -36.7 1.47 1 264
266 3 28.17 -36.41 1.47 1 265
267 3 33.92 -40.74 -0.27 1 266
268 3 37.67 -40.51 -0.27 1 267
269 3 47.33 -43.08 -0.27 1 268
270 3 50.67 -43.74 -0.27 1 269
271 3 52.63 -45.81 -0.27 1 270
272 3 59.69 -46.55 -1.87 1 271
273 3 67.3 -47.97 0.67 1 272
274 3 83 -52.1 6.53 1 273
275 3 94.82 -54.73 5.2 1 274
276 3 100.44 -54.39 5.47 1 275
277 3 103.4 -52.84 5.33 1 276
278 3 99.47 -57.7 2.52 1 275
279 3 105.89 -58.68 5.6 1 278
280 3 109.93 -61.59 5.6 1 279
281 3 119.14 -62.56 5.6 1 280
282 3 123.55 -58.99 7.73 1 281
283 3 125.94 -59.86 7.73 1 282
284 3 132.09 -57.4 7.73 1 283
285 3 134.61 -62.94 6.27 1 284
286 3 143.29 -66.03 6.93 1 285
287 3 147.41 -65.22 7.06 1 286
288 3 33.4 -48.58 0.67 1 265
289 3 34.25 -61.09 0.13 1 288
290 3 39.84 -66.95 -6.53 1 289
291 3 48.84 -72.86 -6.53 1 290
292 3 55.07 -78.48 -6.53 1 291
293 3 56.78 -83.01 -6.53 1 292
294 3 64.91 -85.41 -6.53 1 293
295 3 71.77 -93.89 -6.53 1 294
296 3 78.95 -96.51 -6.53 1 295
297 3 83.23 -105.96 -6.53 1 296
298 3 86.7 -105.39 -6.53 1 297
299 3 90.52 -110.45 -6.53 1 298
300 3 94.65 -112.44 -6.53 1 299
301 3 97.95 -116.51 -6.53 1 300
302 3 97.67 -122.06 -6.53 1 301
303 3 100.99 -123.03 -6.53 1 302
304 3 105.24 -126.89 -13.46 1 303
305 3 107.18 -131.64 -15.2 1 304
306 3 110.86 -132.03 -15.2 1 305
307 3 112.63 -135.94 -15.2 1 306
308 3 110.22 -138.17 -15.2 1 307
309 3 112.24 -139.62 -15.2 1 308
310 3 112.89 -145.28 -15.2 1 309
311 3 116.17 -146.55 -15.2 1 310
312 3 115.29 -148.95 -15.2 1 311
313 3 113.58 -153.42 -14.66 1 312
314 3 117.81 -154.49 -14.66 1 313
315 3 113.91 -162.15 -14.66 1 314
316 3 114.97 -163.81 -14.93 1 315
317 3 2.72 -23.69 1.2 1 261
318 3 8.18 -30.78 1.73 1 317
319 3 13.03 -31.91 2 1 318
320 3 23.66 -37.06 1.2 1 319
321 3 30.87 -39.37 2.93 1 320
322 3 33.47 -41.2 2.93 1 321
323 3 42.53 -40.6 4.13 1 322
324 3 51.68 -42.18 4.13 1 323
325 3 54.55 -44.35 4.13 1 324
326 3 61.4 -44.13 4.26 1 325
327 3 67.38 -46.31 4 1 326
328 3 72.81 -47.82 2.27 1 327
329 3 81.1 -48.69 2.27 1 328
330 3 85.7 -49.17 2.27 1 329
331 3 90.44 -48.43 2.27 1 330
332 3 95.12 -51.09 2.27 1 331
333 3 98.61 -51.9 2.52 1 332
334 3 103.72 -50.57 2.52 1 333
335 3 109.66 -53.06 2.52 1 334
336 3 113.36 -56.24 -0.13 1 335
337 3 120.26 -58.52 -0.13 1 336
338 3 125.08 -59.96 -0.13 1 337
339 3 128.7 -60.96 -0.13 1 338
340 3 131.75 -64.38 0.8 1 339
341 3 140.3 -68.69 -2.67 1 340
342 3 143.35 -72.12 1.73 1 341
343 3 150.44 -78.45 1.73 1 342
344 3 154.29 -77.3 8.8 1 343
345 3 165.19 -76.9 0.8 1 344
346 3 167.68 -76.85 1.73 1 345
347 3 38.74 -42.81 1.87 1 322
348 3 43.62 -43.64 0.4 1 347
349 3 47.96 -46.58 0.4 1 348
350 3 56.09 -48.98 -3.07 1 349
351 3 63.35 -50.68 2 1 350
352 3 67.63 -51.44 -1.73 1 351
353 3 75.72 -48.25 11.46 1 352
354 3 71.73 -53.73 -4 1 352
355 3 77.16 -55.23 -2.67 1 354
356 3 8.8 -35.32 -2.27 1 318
357 3 8.69 -39.34 -2.27 1 356
358 3 6.57 -44.71 -0.93 1 357
359 3 3.37 -51.51 -0.93 1 358
360 3 5.26 -56.49 3.73 1 359
361 3 6.7 -57.57 4.93 1 360
362 3 8.94 -56.87 4.93 1 361
363 3 14 -58.96 2.8 1 362
364 3 14.73 -60.9 2.8 1 363
365 3 23.32 -61.8 2.8 1 364
366 3 26.46 -61.51 9.33 1 365
367 3 7.78 -67.93 4.13 1 362
368 3 6.48 -77.41 4.13 1 367
369 3 4.97 -82.84 4.26 1 368
370 3 4.81 -90.27 4.26 1 369
371 3 6.24 -94.45 4.26 1 370
372 3 5.99 -99.7 4.26 1 371
373 3 2.67 -101.84 14.4 1 372
374 3 3.39 -109.67 14.4 1 373
375 3 2.17 -115.44 14.4 1 374
376 3 4.9 -121.93 10.4 1 375
377 3 7.13 -124.34 11.33 1 376
378 3 7.64 -134.2 9.19 1 377
379 3 4.15 -143.77 9.19 1 378
380 3 3.23 -149.57 8.4 1 379
381 3 -1.14 -152.83 8.4 1 380
382 3 -8.25 -161.39 8.52 1 381
383 3 -12.08 -165.34 8.52 1 382
384 3 -13.73 -175.09 8.52 1 383
385 3 -13.63 -180.07 8.52 1 384
386 3 -10.73 -187.82 8.52 1 385
387 3 -11.8 -195.16 16.13 1 386
388 3 -14.55 -199.69 10.13 1 387
389 3 -17.49 -207.14 10.13 1 388
390 3 -17.1 -212.15 10.13 1 389
391 3 -13.41 -218.42 10.13 1 390
392 3 -10.83 -223.35 10.13 1 391
393 3 -11.96 -228.21 10.13 1 392
394 3 -8.97 -232.25 10.13 1 393
395 3 -4.59 -240.78 10.13 1 394
396 3 -1.57 -244.51 10.13 1 395
397 3 1.71 -251.67 10.13 1 396
398 3 1.65 -258.19 10.13 1 397
399 3 7.13 -262.17 10.13 1 398
400 3 8.84 -263.6 10.26 1 399
401 3 10.1 -57.75 5.47 1 361
402 3 9.31 -62.33 5.47 1 401
403 3 8.23 -69.66 8.52 1 402
404 3 6.03 -72.84 8.26 1 403
405 3 5.37 -76.19 8.26 1 404
406 3 3.31 -80.94 8.26 1 405
407 3 2.02 -81.42 8.26 1 406
408 3 0.55 -80.65 8.26 1 407
409 3 1.62 -82.31 8.26 1 408
410 3 0.6 -83.14 8.26 1 409
411 3 -0.96 -83.28 8.4 1 410
412 3 -0.3 -85.83 8.4 1 411
413 3 0.22 -86.81 8.52 1 412
414 3 1.44 -86.95 14.8 1 413
415 3 2.2 -88.58 14.8 1 414
416 3 -1.76 -87.84 8.52 1 413
417 3 -12.54 -14.12 -0.93 1 1
418 3 -14.7 -16.99 -0.93 1 417
419 3 -20.29 -22.92 -0.93 1 418
420 3 -26.58 -26.6 -0.93 1 419
421 3 -31.88 -32.88 6.53 1 420
422 3 -38.93 -34.93 6.4 1 421
423 3 -46.98 -40.6 6.4 1 422
424 3 -52.34 -45.83 -1.87 1 423
425 3 -57.9 -51.46 2.8 1 424
426 3 -69.66 -57.05 2.8 1 425
427 3 -72.55 -57.99 2.8 1 426
428 3 -86.47 -66.45 2.8 1 427
429 3 -98.14 -71.13 2.8 1 428
430 3 -101.81 -73.53 -5.47 1 429
431 3 -105.91 -77.14 -5.47 1 430
432 3 -110.46 -79.14 -5.47 1 431
433 3 -115.17 -79.58 -5.47 1 432
434 3 -117.8 -83.96 -5.47 1 433
435 3 -127.12 -87.01 -5.47 1 434
436 3 -133.78 -91.28 -5.47 1 435
437 3 -137.15 -90.92 -5.47 1 436
438 3 -144.45 -95.43 -6.53 1 437
439 3 -152.01 -99.16 -9.6 1 438
440 3 -155.87 -103.41 -9.6 1 439
441 3 -160.83 -106.31 -9.6 1 440
442 3 -167.31 -117.73 -6.66 1 441
443 3 -172.71 -121.82 -6.66 1 442
444 3 -177.2 -123.21 -6.66 1 443
445 3 -187 -130.87 -6.66 1 444
446 3 -192.41 -132.16 -6.66 1 445
447 3 -195.81 -134.91 -7.06 1 446
448 3 -198.89 -137.69 -7.06 1 447
449 3 -205.98 -137.25 -7.06 1 448
450 3 -219.44 -144.22 -9.73 1 449
451 3 -231.39 -157.55 -8.66 1 450
452 3 -242.17 -168.95 -4.26 1 451
453 3 -243.43 -169.13 -4.26 1 452
454 3 -13.22 -8.6 -0.93 1 1
455 3 -17.55 -8.45 -0.93 1 454
456 3 -20.72 -9.05 -0.93 1 455
457 3 -22.01 -9.54 -0.93 1 456
458 3 -22.9 -9.13 -0.93 1 457
459 3 -24 -7.78 -0.93 1 458
460 3 -31.5 -2.33 -0.8 1 459
461 3 -34.81 4.53 2.52 1 460
462 3 -40.66 7.95 -1.47 1 461
463 3 -48.82 15.95 -1.47 1 462
464 3 -54.46 18.39 -1.47 1 463
465 3 -63.08 18.99 -1.47 1 464
466 3 -66.02 20.54 0.27 1 465
467 3 -25.63 -8.54 0.67 1 458
468 3 -29.81 -9.96 0.67 1 467
469 3 -39.62 -17.62 -0.8 1 468
470 3 -48.88 -20.06 1.07 1 469
471 3 -52.66 -20.59 1.07 1 470
472 3 -58.97 -24.58 -2 1 471
473 3 -64.42 -26.18 -2 1 472
474 3 -72.07 -28.17 -2 1 473
475 3 -81.43 -31.53 3.6 1 474
476 3 -87.91 -31.16 3.6 1 475
477 3 -96.72 -32.41 -4.13 1 476
478 3 -101.59 -34.38 -4.13 1 477
479 3 -107.41 -36.56 0.8 1 478
480 3 -118.7 -39.31 -2.13 1 479
481 3 -131.41 -39.22 -2.13 1 480
482 3 -142.28 -39.31 -2.8 1 481
483 3 -145.8 -43.29 -7.6 1 482
484 3 -149.31 -44.16 -7.6 1 483
485 3 -152.37 -43.84 -7.6 1 484
486 3 -154.75 -45.76 -7.6 1 485
487 3 -160.86 -44.81 -11.33 1 486
488 3 -164.43 -46.3 -11.33 1 487
489 3 -170.28 -48.79 -11.33 1 488
490 3 -174.37 -52.39 -11.33 1 489
491 3 -180.2 -54.57 -11.33 1 490
492 3 -182.98 -57.38 -11.33 1 491
493 3 -188.08 -58.71 -11.33 1 492
494 3 -191.54 -62.07 -16.13 1 493
495 3 -200.51 -61.75 -18.66 1 494
496 3 -205.78 -65.04 -11.33 1 495
497 3 -211.53 -66.61 -11.33 1 496
498 3 -214.94 -66.56 -11.33 1 497
499 3 -218.51 -68.05 -15.86 1 498
500 3 -222.94 -68.82 -15.86 1 499
501 3 -232.19 -77.16 -12.4 1 500
502 3 -233.92 -78.84 -13.46 1 501
503 3 -235.52 -79.29 -13.46 1 502
504 3 -240.19 -85.31 -21.33 1 503
505 3 -242.71 -85.68 -21.33 1 504
506 3 -246.02 -90.61 -21.33 1 505
507 3 -248.94 -91.84 -21.33 1 506
508 3 -252.03 -94.62 -21.46 1 507
509 3 -254.24 -95.02 -21.46 1 508
510 3 -256.88 -99.4 -22.39 1 509
511 3 -259.93 -107.76 -20.66 1 510
512 3 -260.09 -109.3 -21.86 1 511
513 3 -263.43 -102.74 -22.39 1 510
514 3 -50.71 -22.79 -0.4 1 470
515 3 -52.42 -24.16 -0.4 1 514
516 3 -55.78 -23.81 -0.8 1 515
517 3 -61.74 -27.21 -0.8 1 516
518 3 -63 -27.4 -0.8 1 517
519 3 -25.93 -11.62 11.06 1 457
520 3 -27.05 -13.37 11.06 1 519
521 3 -33.1 -14.9 11.06 1 520
522 3 -41.31 -16.21 11.06 1 521
523 3 -52.39 -15.36 16.13 1 522
524 3 -55.01 -16.63 16.13 1 523
525 3 -69.13 -15.15 16.13 1 524
526 3 -79.63 -14.67 16.13 1 525
527 3 -86.61 -16.1 16.13 1 526
528 3 -92.3 -17.06 13.33 1 527
529 3 -102.2 -25.63 13.33 1 528
530 3 -115.71 -38.3 19.98 1 529
531 3 -121.01 -41.47 10.4 1 530
532 3 -128.18 -44.75 10.4 1 531
533 3 -136.26 -44.83 17.6 1 532
534 3 -139.89 -46.93 9.86 1 533
535 3 -145.4 -49.15 9.19 1 534
536 3 -149.62 -50.88 9.19 1 535
537 3 -152.78 -51.48 9.19 1 536
538 3 -156.18 -54.22 9.19 1 537
539 3 -160.36 -55.65 12.53 1 538
540 3 -164.95 -57.96 12.53 1 539
541 3 -168.45 -58.83 12.53 1 540
542 3 -171.14 -60.72 12 1 541
543 3 -172.56 -62.43 12 1 542
544 3 -175.87 -67.36 4.53 1 543
545 3 -180.2 -67.22 4.53 1 544
546 3 -185.09 -69.49 14.93 1 545
547 3 -187.71 -70.77 14.93 1 546
548 3 -190.67 -72.32 14.93 1 547
549 3 -194.3 -74.42 5.2 1 548
550 3 -12.28 -5.1 19.86 1 1
551 3 -14.74 -4.84 19.86 1 550
552 3 -15.79 -5.98 17.2 1 551
553 3 -16.49 -3.73 17.2 1 552
554 3 -22.63 2.81 18.13 1 553
555 3 -24.71 3.65 18.13 1 554
556 3 -26.66 5.72 18.13 1 555
557 3 -28.1 6.8 18.13 1 556
558 3 -28.36 10.24 18.13 1 557
559 3 -25.78 11.21 18.13 1 558
560 3 -24.47 14.81 22.93 1 559
561 3 -21.85 16.08 22.93 1 560
562 3 -18.14 16 22.93 1 561
563 3 -14.12 21.78 20.66 1 562
564 3 -12.34 20.97 15.6 1 563
565 3 -12.56 18.82 22.66 1 564
566 3 -30.83 7.4 14.13 1 557
567 3 -36.46 12.96 14.13 1 566
568 3 -38.96 15.7 16.66 1 567
569 3 -39.09 20.37 19.05 1 568
570 3 -38.09 23.99 19.05 1 569
571 3 -34.24 25.14 10.4 1 570
572 3 -32.06 25.22 10.4 1 571
573 3 -29.43 29.6 10.4 1 572
574 3 -25.01 36.27 18 1 573
575 3 -20.02 39.01 15.06 1 574
576 3 -18.73 45.39 15.33 1 575
577 3 -20.1 47.09 15.6 1 576
578 3 -13.59 41.13 15.06 1 575
579 3 -7.56 42.36 15.06 1 578
580 3 -44.1 19.51 13.73 1 568
581 3 -54.03 22.41 14 1 580
582 3 -63.89 23.14 22.66 1 581
583 3 -75.46 19.39 22.39 1 582
584 3 -79.61 18.27 22.39 1 583
585 3 -84.08 19.99 20.39 1 584
586 3 -87.72 23.78 13.6 1 585
587 3 -99.45 24.39 13.6 1 586
588 3 -107.19 24.59 19.6 1 587
589 3 -114.59 25.05 19.6 1 588
590 3 -116.59 23.71 20.79 1 589
591 3 -124 22.12 20.79 1 590
592 3 -132.85 20.57 20.79 1 591
593 3 -141.29 17.11 16.93 1 592
594 3 -148.18 13.49 16.93 1 593
595 3 -154.21 9.16 16.93 1 594
596 3 -158.68 2.18 16.93 1 595
597 3 -161.68 -2.78 16.93 1 596
598 3 -162.18 -4.59 19.73 1 597
599 3 -42.6 11.09 20.79 1 567
600 3 -25.85 2.19 23.86 1 555
601 3 -28.47 0.91 27.46 1 600
602 3 -30.87 -1.32 26.66 1 601
603 3 -32.44 -7.36 18.66 1 602
604 3 -34.44 -8.7 21.46 1 603
605 3 -35.86 -10.42 21.46 1 604
606 3 -38.38 -10.77 21.46 1 605
607 3 -41.99 -12.57 27.59 1 606
608 3 -45.9 -14.33 27.59 1 607
609 3 -51.44 -16.85 21.46 1 608
610 3 -53.44 -18.19 23.46 1 609
611 3 -55.3 -15.2 23.59 1 610
612 3 -56.33 -13.23 23.59 1 611
613 3 -54.67 -12.16 23.59 1 612
614 3 -56.88 -12.55 23.59 1 613
615 3 -59.06 -12.63 20.66 1 614
616 3 -59.29 -14.78 20.66 1 615
617 3 -60 -15.63 20.66 1 616
618 3 -59.37 -18.49 23.33 1 617
619 3 -61.45 -17.66 20.66 1 617
620 3 -60.24 -20.88 20.66 1 619
621 3 -61.52 -24.17 20.66 1 620
622 3 -62.62 -22.81 20.66 1 621
623 3 -63.68 -21.15 20.66 1 622
624 3 -65.02 -19.15 20.66 1 623
625 3 -19.37 -4.25 22.13 1 552
626 3 -24.41 -4.97 17.6 1 625
627 3 -28.05 -7.07 17.6 1 626
628 3 -31.76 -18.78 18.13 1 627
629 3 -33.52 -20.77 25.86 1 628
630 3 -39.14 -21.1 28.53 1 629
631 3 -41.06 -24.63 28.53 1 630
632 3 -44.42 -27.07 21.19 1 631
633 3 -45.3 -29.46 21.33 1 632
634 3 -42.99 -34.05 25.33 1 633
635 3 -43.45 -35.55 25.33 1 634
636 3 -49.71 -36.13 26.53 1 635
637 3 -52.49 -35.84 20.26 1 636
638 3 -1.85 26.59 -7.25 1 1
639 3 1.62 28.67 -7.25 1 638
640 3 7.91 26.66 -7.25 1 639
641 3 12.52 29.92 -5.49 1 640
642 3 24.66 34.95 0 1 641
643 3 30.39 39.38 0 1 642
644 3 38.99 43.76 4.61 1 643
645 3 44.41 59.37 5.93 1 644
646 3 52.99 64.04 -0.77 1 645
647 4 1.74 29.5 2.93 1 1
648 4 2.1 45.49 2.93 1 647
649 4 3.55 50.38 2.93 1 648
650 4 5.91 58.76 2.93 1 649
651 4 9.68 64.76 4.8 1 650
652 4 15.7 64.63 8.8 1 651
653 4 22.22 63.8 4.4 1 652
654 4 27.75 62.54 10 1 653
655 4 31.97 57.26 2 1 654
656 4 43.86 54.29 7.46 1 655
657 4 51.1 52.43 9.06 1 656
658 4 62.81 44.94 8.52 1 657
659 4 70.97 41.41 12.66 1 658
660 4 80.12 40.12 12.26 1 659
661 4 85.09 35.63 15.06 1 660
662 4 89.27 30.06 11.46 1 661
663 4 94.45 28.55 16.53 1 662
664 4 96.23 23.1 16.53 1 663
665 4 104.88 20.69 14.93 1 664
666 4 106.16 13.95 17.2 1 665
667 4 105.15 9.88 15.86 1 666
668 4 108.23 -5.5 22.66 1 667
669 4 106.48 -10.34 18.53 1 668
670 4 105.59 -18.96 16.26 1 669
671 4 99.69 -28.54 21.06 1 670
672 4 95.82 -35.14 19.98 1 671
673 4 93.82 -41.45 15.33 1 672
674 4 89.24 -45.2 23.06 1 673
675 4 83.09 -48.55 20.66 1 674
676 4 13.66 74.56 4.8 1 651
677 4 20.59 77.89 13.6 1 676
678 4 24.39 80.57 12.8 1 677
679 4 32.43 81.59 14.53 1 678
680 4 39.87 80.91 6.4 1 679
681 4 41.33 78.84 6.4 1 680
682 4 64.04 75.5 14.26 1 681
683 4 66.43 73.57 9.73 1 682
684 4 74.36 72.2 10.66 1 683
685 4 77.77 69.18 12.66 1 684
686 4 102.09 64.65 14.4 1 685
687 4 114.89 62.93 13.73 1 686
688 4 122.17 66.51 13.73 1 687
689 4 128.78 66.27 13.73 1 688
690 4 140.53 71.2 12.4 1 689
691 4 149.83 70.8 13.06 1 690
692 4 159.13 75.54 11.46 1 691
693 4 164.32 75.85 18 1 692
694 4 169.67 77.04 18 1 693
695 4 177.74 74.73 18.53 1 694
696 4 181.46 73.48 20.39 1 695
697 4 182.52 70.88 20.39 1 696
698 4 193.22 66.29 19.86 1 697
699 4 196.33 66.86 19.2 1 698
700 4 200.04 65.61 17.73 1 699
701 4 201.67 66.24 14.93 1 700
702 4 206.36 65.42 17.6 1 701
703 4 208.42 65.06 17.73 1 702
704 4 206.43 67.53 17.6 1 702
705 4 206.53 68.12 14.53 1 704
706 4 203.5 69.85 26.13 1 705
707 4 209.9 66.62 20.79 1 705
708 4 213.32 65.42 20.79 1 707
709 4 215.72 65.31 20.79 1 708
710 4 218.7 63.28 20.79 1 709
711 4 14.03 78.89 4.8 1 676
712 4 9.62 79.66 16.93 1 711
713 4 8.75 81.62 7.2 1 712
714 4 6.99 81.93 7.2 1 713
715 4 5.83 83.95 7.33 1 714
716 4 3.53 84.64 9.46 1 715
717 4 2.39 83.32 9.46 1 716
718 4 3.35 87.1 6.53 1 717
719 4 1.93 87.64 6.66 1 718
720 4 1.7 89.81 4.4 1 719
721 4 -0.35 90.17 3.2 1 720
722 4 -2.72 88.75 3.33 1 721
723 4 -4.76 90.93 3.2 1 722
724 4 -6.88 91 3.33 1 723
725 4 -8.91 93.17 1.6 1 724
726 4 -10.38 93.42 1.87 1 725
727 4 -12.91 96.28 2.13 1 726
728 4 -20.58 99.13 -3.47 1 727
729 4 -21.15 101.05 -3.47 1 728
730 4 -22.52 101.89 -3.47 1 729
731 4 -23.56 101.16 -3.33 1 730
732 4 -25.98 104.61 -3.33 1 731
733 4 -29.56 104.93 -4.8 1 732
734 4 -31.37 104.94 -3.6 1 733
735 4 -32.24 106.91 -5.6 1 734
736 4 -33.66 107.45 -8.13 1 735
737 4 -35.1 111.34 -10 1 736
738 4 -36.76 112.23 -10 1 737
739 4 -39.01 113.23 -10 1 738
740 4 -42.91 115.12 -4.8 1 739
741 4 14.64 89.38 11.06 1 711
742 4 14.3 97.92 12.26 1 741
743 4 13.38 106.56 12.53 1 742
744 4 14.82 116.61 12.53 1 743
745 4 21.73 118.13 10.8 1 744
746 4 28.1 116.41 10.8 1 745
747 4 37.77 118.07 15.73 1 746
748 4 51.71 121.71 19.98 1 747
749 4 56.18 123.05 19.98 1 748
750 4 60.54 123.8 19.98 1 749
751 4 68.27 128.23 19.98 1 750
752 4 79.26 130.56 16 1 751
753 4 84.21 133.19 16.26 1 752
754 4 91.13 134.72 16.93 1 753
755 4 104.16 141.84 17.6 1 754
756 4 110.89 144.01 17.6 1 755
757 4 116.77 142.99 17.6 1 756
758 4 123.2 145.2 18.53 1 757
759 4 133.17 150.43 25.59 1 758
760 4 137.7 152.07 25.59 1 759
761 4 144.14 161.25 25.59 1 760
762 4 146.89 163.2 27.33 1 761
763 4 149.92 168.43 24.13 1 762
764 4 155.25 174.77 22.79 1 763
765 4 158.17 177.59 28.26 1 764
766 4 160.8 175.32 31.19 1 765
767 4 161.15 184.34 30.39 1 765
768 4 163.28 188.07 22.39 1 767
769 4 171.75 195.09 23.46 1 768
770 4 177.69 203.14 22.93 1 769
771 4 183.88 205.7 29.46 1 770
772 4 185.87 203.23 29.46 1 771
773 4 185.8 206.28 29.46 1 771
774 4 182.13 207.82 32.93 1 773
775 4 189.15 209.93 30.53 1 773
776 4 192.18 215.16 30.53 1 775
777 4 193.53 219.47 23.06 1 776
778 4 198.77 218.26 23.06 1 777
779 4 15.71 127.78 22.26 1 744
780 4 14.75 137.94 12.66 1 779
781 4 7.87 141.86 13.73 1 780
782 4 5.19 143.84 13.73 1 781
783 4 0.2 151.68 11.2 1 782
784 4 -0.07 155.36 17.2 1 783
785 4 -2.26 158.46 17.46 1 784
786 4 -4.12 158.18 17.46 1 785
787 4 -2.69 159.44 17.46 1 786
788 4 -3.02 161.02 18.39 1 787
789 4 -6.11 167.61 20.13 1 788
790 4 -7.86 162.77 23.46 1 788
791 4 -11.71 164.95 18.26 1 790
792 4 15.51 140.54 14.93 1 780
793 4 23.91 145.44 12.66 1 792
794 4 22.86 148.05 12.66 1 793
795 4 29.23 151.64 19.6 1 794
796 4 30.76 153.5 19.6 1 795
797 4 29.36 155.86 19.6 1 796
798 4 32.45 156.23 18.26 1 796
799 4 31.94 160.26 19.86 1 798
800 4 34.73 160.68 24.79 1 799
801 4 40.55 166.33 28.53 1 800
802 4 39.06 169.92 17.2 1 801
803 4 42.17 173.93 20.26 1 802
804 4 42.06 178.48 20.79 1 803
805 4 49.69 184.13 28.39 1 804
806 4 54.02 193.37 28.39 1 805
807 4 61.69 197.48 31.06 1 806
808 4 63.84 202.87 31.06 1 807
809 4 65.74 203.45 31.06 1 808
810 4 68.5 203.57 31.06 1 809
811 4 70.22 204.79 31.06 1 810
812 4 69.66 208.51 31.06 1 811
813 4 73.1 210.95 34.79 1 812
814 4 73.77 214.77 35.06 1 813
815 4 76.32 215.54 35.32 1 814
816 4 78.25 217.93 35.32 1 815
817 4 85.24 216.42 35.32 1 816
818 4 99.81 218.43 35.32 1 817
819 4 105.29 216.87 35.19 1 818
820 4 112.22 220.21 38.26 1 819
821 4 115.23 223.63 34.65 1 820
822 4 121.64 222.21 41.19 1 821
823 4 126.64 221.35 40.65 1 822
824 4 37.79 155.61 22.53 1 795
825 4 44.99 155.27 19.32 1 824
826 4 51.78 156.37 16.13 1 825
827 4 59.96 161.62 16.13 1 826
828 4 70.3 168.91 13.2 1 827
829 4 82.04 173.83 17.32 1 828
830 4 87.77 173.75 17.32 1 829
831 4 96.99 174.57 17.32 1 830
832 4 100.22 174.01 17.32 1 831
833 4 104.93 175.01 17.32 1 832
834 4 110.96 174.87 17.32 1 833
835 4 113.2 172.06 17.6 1 834
836 4 120.64 173.19 17.6 1 835
837 4 125.8 173.2 17.86 1 836
838 4 136.13 171.71 12.26 1 837
839 4 139.86 172.28 13.06 1 838
840 4 142.32 174.27 13.06 1 839
841 4 146.92 174.68 17.32 1 840
842 4 148.91 177.37 17.32 1 841
843 4 151.64 175.68 17.32 1 842
844 4 154.78 176.35 17.32 1 843
845 4 156.52 179.38 17.32 1 844
846 4 159.72 182.15 17.32 1 845
847 4 162.61 181.35 13.46 1 846
848 4 163.55 183.31 13.46 1 847
849 4 167.73 184.7 13.46 1 848
850 4 169.81 187.98 9.86 1 849
851 4 173.92 187.26 9.86 1 850
852 4 177.21 188.81 8.4 1 851
853 4 178.33 188.31 12.8 1 852
854 4 179.97 190.75 12.8 1 853
855 4 185.46 191.01 12.8 1 853
856 4 187.14 193.75 12.8 1 855
857 4 193.53 195.67 11.06 1 856
858 4 201.4 200.96 15.6 1 857
859 4 15.83 151.82 12.13 1 792
860 4 14.1 171.5 12.13 1 859
861 4 15.13 179.19 12.13 1 860
862 4 17.6 188.15 12.13 1 861
863 4 23.93 189.78 12.13 1 862
864 4 27.34 186.76 13.6 1 863
865 4 26.97 182.89 16.66 1 864
866 4 28.87 181.65 20.93 1 865
867 4 33.57 180.84 17.6 1 866
868 4 44.28 178.07 19.86 1 867
869 4 51.24 178.07 20.13 1 868
870 4 56.59 179.26 20.13 1 869
871 4 75.78 176.54 23.59 1 870
872 4 80.09 175.19 20.26 1 871
873 4 83.07 174.97 20.26 1 872
874 4 88.68 177.64 27.19 1 873
875 4 93.67 176.76 26.39 1 874
876 4 96.1 173.32 30.53 1 875
877 4 100.15 170.5 24.39 1 876
878 4 107.64 170.11 24.39 1 877
879 4 111.79 171.04 23.99 1 878
880 4 120.35 169.86 23.99 1 879
881 4 125.32 172.33 23.99 1 880
882 4 130.95 173.47 31.06 1 881
883 4 137.48 172.64 31.06 1 882
884 4 141.87 170.06 31.06 1 883
885 4 146.12 175.38 31.06 1 884
886 4 149.02 176.39 31.19 1 885
887 4 152.45 177.01 31.19 1 886
888 4 153.79 172.54 29.86 1 887
889 4 151.09 163.92 29.86 1 888
890 4 147.22 157.32 29.86 1 889
891 4 143.53 155.24 29.86 1 890
892 4 31.12 198.7 20.93 1 863
893 4 36.78 201.65 20.93 1 892
894 4 42.05 205.89 19.73 1 893
895 4 46.79 217.48 17.05 1 894
896 4 44.76 221.47 17.05 1 895
897 4 51.55 232.71 17.05 1 896
898 4 53.99 239.85 17.6 1 897
899 4 54.07 243.77 18.13 1 898
900 4 56.71 250.28 18.66 1 899
901 4 60.84 257.6 22.13 1 900
902 4 63.24 266.26 22.53 1 901
903 4 66.64 273.55 22.13 1 902
904 4 70.3 278.97 19.86 1 903
905 4 73.94 280.76 19.86 1 904
906 4 77.69 284.95 19.86 1 905
907 4 80.54 285.67 19.86 1 906
908 4 83.87 292.66 10.66 1 907
909 4 95.87 299.06 23.46 1 908
910 4 18.01 193.09 18.26 1 862
911 4 16.62 197.26 18.26 1 910
912 4 12.38 207.69 12.8 1 911
913 4 11.97 219.27 18.93 1 912
914 4 11.59 229.33 13.2 1 913
915 4 10.48 238.61 15.2 1 914
916 4 8.66 252.55 17.46 1 915
917 4 0.58 253.04 18.13 1 916
918 4 -4.37 252.39 18.26 1 917
919 4 -10.26 251.59 17.73 1 918
920 4 -17.48 248.3 15.2 1 919
921 4 -23.6 249.67 15.2 1 920
922 4 -30.56 249.67 15.2 1 921
923 4 -43.56 247.98 15.2 1 922
924 4 -59.67 249.27 15.2 1 923
925 4 -63.18 249.73 19.32 1 924
926 4 -68.16 252.41 19.32 1 925
927 4 -74.28 253.78 19.32 1 926
928 4 -77.84 255.91 19.32 1 927
929 4 -88.22 257.1 21.73 1 928
930 4 -90.37 258.69 21.73 1 929
931 4 -98.14 260.94 21.73 1 930
932 4 -104.73 264.81 24.13 1 931
933 4 -109.02 267.98 27.19 1 932
934 4 -113.67 269.09 20.79 1 933
935 4 -117.22 273.04 26.53 1 934
936 4 -124.36 275.49 23.86 1 935
937 4 -129.43 279.4 21.73 1 936
938 4 -133.69 279.23 22.13 1 937
939 4 -135.36 279.98 18 1 938
940 4 -138.8 277.55 18 1 939
941 4 -147.64 275.45 18 1 940
942 4 -152.64 274.5 13.2 1 941
943 4 -157.96 271.79 20.93 1 942
944 4 -163.56 269.13 20.93 1 943
945 4 -166.7 261.5 8.93 1 944
946 4 9.11 262.3 28.93 1 916
947 4 9.69 267.35 28.93 1 946
948 4 12.55 276.85 28.93 1 947
949 4 12.69 282.88 28.93 1 948
950 4 12.57 294.41 24.93 1 949
951 4 13.41 302.74 24.93 1 950
952 4 8.28 304.54 26.13 1 951
953 4 4.47 307.02 26.13 1 952
954 4 3.1 307.86 29.86 1 953
955 4 -1.95 306.62 23.46 1 954
956 4 -9.57 302.79 31.59 1 955
957 4 -15.99 302.39 33.46 1 956
958 4 -19.52 303 33.46 1 957
959 4 -25.01 300.93 27.99 1 958
960 4 -30.96 299.84 35.86 1 959
961 4 -37.84 296.79 30.79 1 960
962 4 -40.97 297.94 36.39 1 961
963 4 -44.5 296.74 37.86 1 962
964 4 -49.1 296.33 36.11 1 963
965 4 -52.64 296.94 36.11 1 964
966 4 -58.27 297.61 38.92 1 965
967 4 -65.05 295.16 38.92 1 966
968 4 -71.94 297.26 38.92 1 967
969 4 -83.17 300.89 38.92 1 968
970 4 -92.07 303.65 38.92 1 969
971 4 -96.49 302.6 38.92 1 970
972 4 -101.34 302.53 33.19 1 971
973 4 -107.93 299.44 33.19 1 972
974 4 -113.32 299.77 33.19 1 973
975 4 -119.55 298.73 33.19 1 974
976 4 -121.85 299.43 33.19 1 975
977 4 -127.19 300.05 33.19 1 976
978 4 -132.64 298.27 33.19 1 977
979 4 -137.68 298.84 33.19 1 978
980 4 -141.75 298.04 33.19 1 979
981 4 -157.12 300.1 37.99 1 980
982 4 -158.17 302.54 37.99 1 981
983 4 -156.83 305.03 37.99 1 982
984 4 -157.84 299.76 36.39 1 981
985 4 -160.99 297.28 36.39 1 984
986 4 -162.58 302.09 36.39 1 984
987 4 -45.05 300.37 36.39 1 962
988 4 -49.5 302.65 35.72 1 987
989 4 -55.69 307.05 35.72 1 988
990 4 -66.75 309.58 33.59 1 989
991 4 -72.35 313.89 33.59 1 990
992 4 -79.63 317.27 33.59 1 991
993 4 -89.47 326.85 33.59 1 992
994 4 -93.36 330.55 33.59 1 993
995 4 -98.7 331.18 33.59 1 994
996 4 -101.23 334.04 30.39 1 995
997 4 -106.7 335.59 30.39 1 996
998 4 -108.77 334.14 30.39 1 997
999 4 -116.41 335.46 29.06 1 998
1000 4 -120.21 337.93 29.06 1 999
1001 4 -131.1 339.97 29.06 1 1000
1002 4 -131.33 342.12 27.46 1 1001
1003 4 -132.41 342.92 29.19 1 1002
1004 4 -132.39 344.74 26.66 1 1003
1005 4 -133.81 345.29 26.66 1 1004
1006 4 -135.24 344.02 26.66 1 1005
1007 4 -136.11 345.99 22.13 1 1006
1008 4 -138.51 346.1 27.59 1 1007
1009 4 -137.91 347.82 27.59 1 1008
1010 4 -140.6 347.98 27.59 1 1009
1011 4 -142.03 346.71 27.59 1 1010
1012 4 -143.2 348.73 27.59 1 1011
1013 4 -144.62 347.47 23.99 1 1012
1014 4 -154.79 344.68 23.33 1 1013
1015 4 16.44 315.11 34.26 1 951
1016 4 16.97 321.68 34.52 1 1015
1017 4 16.56 326.29 34.52 1 1016
1018 4 14.82 351.12 33.99 1 1017
1019 4 14.68 359.02 36.52 1 1018
1020 4 15.34 369.8 27.33 1 1019
1021 4 14.83 377.63 27.06 1 1020
1022 4 14.85 388.23 27.06 1 1021
1023 4 13.96 393.53 25.33 1 1022
1024 4 11.66 401.2 25.33 1 1023
1025 4 12.34 415.61 29.73 1 1024
1026 4 11.32 423.66 25.99 1 1025
1027 4 9.63 434.86 25.99 1 1026
1028 4 6.55 448.56 31.73 1 1027
1029 4 3.86 455.69 30.39 1 1028
1030 4 7.42 467.49 21.33 1 1029
1031 4 8.46 477 23.46 1 1030
1032 4 8.61 484.85 27.73 1 1031
1033 4 8.47 492.75 25.73 1 1032
1034 4 9.16 500.2 31.33 1 1033
1035 4 10.99 510.63 31.33 1 1034
1036 4 14.21 515.22 26.93 1 1035
1037 4 12.19 521.02 26.93 1 1036
1038 4 12.92 526.95 26.93 1 1037
1039 4 18.37 535.7 28.93 1 1038
1040 4 21.4 548.96 28.93 1 1039
1041 4 20.47 555.78 29.33 1 1040
1042 4 18.03 564.38 29.33 1 1041
1043 4 24.33 576.31 29.33 1 1042
1044 4 24.37 588.72 29.33 1 1043
1045 4 23.25 597.99 29.33 1 1044
1046 4 28.77 615.81 25.86 1 1045
1047 4 30.77 622.13 25.86 1 1046
1048 4 29.1 628.17 26.53 1 1047
1049 4 30.7 634.71 31.19 1 1048
1050 4 33.56 644.21 25.46 1 1049
1051 4 34.79 660.04 25.46 1 1050
1052 4 38.06 671.89 31.59 1 1051
1053 4 39.88 680.65 28.13 1 1052
1054 4 40.69 690.51 28.13 1 1053
1055 4 42.77 697.26 29.86 1 1054
1056 4 46.93 703.81 29.86 1 1055
1057 4 50.99 711.59 30.79 1 1056
1058 4 51.4 719.09 30.79 1 1057
1059 4 54.98 727.55 21.86 1 1058
1060 4 54.99 736.33 27.33 1 1059
1061 4 61.12 750.71 27.33 1 1060
1062 4 61.04 753.75 35.99 1 1061
1063 4 61.3 757.2 35.86 1 1062
1064 4 63.99 764 25.99 1 1063
1065 4 66.27 782.38 30.66 1 1064
1066 4 69.21 788.84 30.66 1 1065
1067 4 73.18 796.02 30.66 1 1066
1068 4 74.16 803.42 35.06 1 1067
1069 4 74.54 816.07 26.66 1 1068
1070 4 77.37 830.57 31.19 1 1069
1071 4 82.98 840.2 31.19 1 1070
1072 4 85.75 850.92 29.73 1 1071
1073 4 84.3 861.77 29.73 1 1072
1074 4 87.81 873.27 29.73 1 1073
1075 4 87.9 879.01 29.73 1 1074
1076 4 88.44 887.25 31.33 1 1075
1077 4 89.09 896.22 25.86 1 1076
1078 4 93.76 905.71 30.93 1 1077
1079 4 93.35 910.32 31.06 1 1078
1080 4 94.88 919.14 34.92 1 1079
1081 4 99.47 924.7 35.19 1 1080
1082 4 106.05 939.91 30.13 1 1081
1083 4 109.88 946.06 37.06 1 1082
1084 4 111.68 951.2 37.06 1 1083
1085 4 117.16 956.61 42.26 1 1084
1086 4 119 960.22 42.26 1 1085
1087 4 122.34 962.07 42.26 1 1086
1088 4 123.98 966.32 42.26 1 1087
1089 4 130.05 971.63 41.19 1 1088
1090 4 134.39 975.72 39.86 1 1089
1091 4 138.59 980.75 39.86 1 1090
1092 4 143.07 983.9 47.19 1 1091
1093 4 152.61 988.31 47.19 1 1092
1094 4 155.42 990.54 50.52 1 1093
1095 4 159.59 991.94 50.52 1 1094
1096 4 162.96 990.45 50.52 1 1095
1097 4 165.73 994.2 50.52 1 1096
1098 4 170.05 994.52 50.52 1 1097
1099 4 173.29 995.77 47.32 1 1098
1100 4 177.4 995.06 47.32 1 1099
1101 4 185.32 998.83 56.65 1 1100
1102 4 191.02 1002.08 45.86 1 1101
1103 4 199.22 1003.99 50.25 1 1102
1104 4 203.94 1006.8 50.25 1 1103
1105 4 209.92 1013.34 44.39 1 1104
1106 4 216.21 1016.48 44.12 1 1105
1107 4 221.7 1016.74 44.92 1 1106
1108 4 227.04 1016.12 44.92 1 1107
1109 4 229.6 1018.7 43.59 1 1108
1110 4 233.87 1018.87 43.59 1 1109
1111 4 239.88 1016.92 43.59 1 1110
1112 4 245.96 1018.89 46.26 1 1111
1113 4 250.28 1019.35 46.26 1 1112
1114 4 254.73 1017.07 52.79 1 1113
1115 4 258.25 1014.44 61.18 1 1114
1116 4 262.48 1016.13 61.18 1 1115
1117 4 267.18 1015.32 60.52 1 1116
1118 4 271.78 1013.91 64.38 1 1117
1119 4 273.51 1009.98 55.72 1 1118
1120 4 275.78 1012.61 64.38 1 1118
1121 4 278.03 1011.62 64.38 1 1120
1122 4 281.81 1012.48 64.38 1 1121
1123 4 282.53 1016.59 62.12 1 1122
1124 4 218.89 1019.46 44.52 1 1106
1125 4 221.35 1021.45 44.52 1 1124
1126 4 220.15 1024.99 44.52 1 1125
1127 4 216.32 1030.81 40.26 1 1126
1128 4 214.29 1034.79 32.53 1 1127
1129 4 212.59 1037.21 39.06 1 1128
1130 4 208.19 1037.97 39.06 1 1129
1131 4 204.92 1040.05 44.26 1 1130
1132 4 202.89 1044.04 44.26 1 1131
1133 4 200.26 1046.31 33.86 1 1132
1134 4 196.63 1046.34 28.13 1 1133
1135 4 195.21 1046.88 28.13 1 1134
1136 4 197.83 1049.76 28.13 1 1135
1137 4 202.83 1050.71 28.13 1 1136
1138 4 192.68 1049.75 35.19 1 1135
1139 4 190.4 1052.26 40.92 1 1138
1140 4 187.75 1052.72 40.92 1 1139
1141 4 181.73 1052.86 37.72 1 1140
1142 4 130.19 976.35 44.12 1 1089
1143 4 129.13 978.95 44.12 1 1142
1144 4 125.37 981.72 44.12 1 1143
1145 4 123.7 982.62 44.12 1 1144
1146 4 123.78 984.73 44.12 1 1145
1147 4 123.64 985.66 44.12 1 1146
1148 4 122.64 983.41 44.12 1 1147
1149 4 121.55 982.39 44.12 1 1148
1150 4 119.38 987.31 39.86 1 1149
1151 4 118.51 989.27 44.79 1 1150
1152 4 120.05 991.13 44.79 1 1151
1153 4 118.69 993.78 44.79 1 1152
1154 4 117.08 994.97 44.79 1 1153
1155 4 116.87 998.95 43.86 1 1154
1156 4 114.83 1002.93 44.12 1 1155
1157 4 114.48 1007.84 40.65 1 1156
1158 4 114.55 1011.76 39.32 1 1157
1159 4 117.62 1015.47 39.32 1 1158
1160 4 116.95 1018.62 39.86 1 1159
1161 4 119.03 1021.89 40.52 1 1160
1162 4 120.14 1026.54 41.32 1 1161
1163 4 121.48 1030.85 41.32 1 1162
1164 4 125.27 1031.71 41.32 1 1163
1165 4 128.91 1033.5 53.72 1 1164
1166 4 130.53 1034.12 53.72 1 1165
1167 4 131.34 1037.01 53.72 1 1166
1168 4 132.77 1038.13 53.72 1 1167
1169 4 134.06 1040.33 53.72 1 1168
1170 4 135.79 1041.54 53.72 1 1169
1171 4 137.92 1045.11 53.72 1 1170
1172 4 141.52 1048.42 53.72 1 1171
1173 4 139.77 1050.54 53.72 1 1172
1174 4 136.95 1053.45 53.59 1 1173
1175 4 133.73 1057.64 48.12 1 1174
1176 4 130.23 1060.07 51.05 1 1175
1177 4 123.23 1063.4 44.79 1 1176
1178 4 106.84 946.42 45.06 1 1083
1179 4 104.66 949.53 37.19 1 1178
1180 4 104.84 954.04 37.19 1 1179
1181 4 102.81 958.02 39.99 1 1180
1182 4 99.77 964.91 34.92 1 1181
1183 4 97.63 968.31 40.26 1 1182
1184 4 99.47 971.93 40.26 1 1183
1185 4 97.24 974.74 40.26 1 1184
1186 4 94.71 977.6 35.46 1 1185
1187 4 87.87 981.81 39.72 1 1186
1188 4 82.32 993.38 39.72 1 1187
1189 4 75.66 1002.1 39.72 1 1188
1190 4 73.52 1003.69 36.65 1 1189
1191 4 72.8 1006.53 36.65 1 1190
1192 4 72.12 1009.54 32.93 1 1191
1193 4 73.76 1011.98 38.26 1 1192
1194 4 72.35 1014.35 33.86 1 1193
1195 4 71.29 1016.95 33.86 1 1194
1196 4 74.6 1020.32 33.86 1 1195
1197 4 76.38 1023.64 33.86 1 1196
1198 4 79.09 1025.29 33.86 1 1197
1199 4 80.58 1028.66 35.59 1 1198
1200 4 82.65 1030.12 35.59 1 1199
1201 4 82.52 1032.87 32.13 1 1200
1202 4 77.9 1037.61 33.72 1 1201
1203 4 75.5 1037.72 35.72 1 1202
1204 4 74.63 1039.69 35.72 1 1203
1205 4 70.32 1039.23 24.93 1 1204
1206 4 66.51 1041.71 24.93 1 1205
1207 4 62.41 1044.23 26.53 1 1206
1208 4 55.67 1047.22 20.26 1 1207
1209 4 52.54 1048.37 20.26 1 1208
1210 4 50.28 1054.52 20.39 1 1209
1211 4 49.41 1056.48 17.6 1 1210
1212 4 46.48 1056.99 17.6 1 1211
1213 4 41.89 1060.21 17.6 1 1212
1214 4 40.54 1062.87 18.13 1 1213
1215 4 39.18 1065.53 18.13 1 1214
1216 4 41 1065.51 21.99 1 1215
1217 4 43.84 1066.23 21.99 1 1216
1218 4 46.84 1067.83 21.99 1 1217
1219 4 50.57 1068.39 21.99 1 1218
1220 4 51.89 1067.26 24.26 1 1219
1221 4 96.72 973.48 42.12 1 1183
1222 4 94.19 976.34 42.12 1 1221
1223 4 90.82 977.83 42.12 1 1222
1224 4 89.9 979.5 42.12 1 1223
1225 4 89.53 982.6 40.92 1 1224
1226 4 90.3 987.01 40.92 1 1225
1227 4 88.15 988.59 40.92 1 1226
1228 4 87.78 991.68 40.92 1 1227
1229 4 84.22 993.82 40.92 1 1228
1230 4 81.64 996.38 40.92 1 1229
1231 4 78.16 997.29 40.92 1 1230
1232 4 75.19 999.32 43.72 1 1231
1233 4 74.03 1001.34 43.72 1 1232
1234 4 73.82 1007.13 43.86 1 1233
1235 4 74.47 1009.13 39.72 1 1234
1236 4 71.05 1017.3 39.72 1 1235
1237 4 67.55 1021.54 45.32 1 1236
1238 4 66.74 1025.62 45.32 1 1237
1239 4 65.24 1027.39 45.32 1 1238
1240 4 62.84 1027.5 45.32 1 1239
1241 4 62.26 1029.42 45.32 1 1240
1242 4 62.94 1035.06 49.19 1 1241
1243 4 61.82 1037.37 46.39 1 1242
1244 4 54.65 1041.34 49.05 1 1243
1245 4 53.02 1045.86 39.46 1 1244
1246 4 53.4 1051.55 41.86 1 1245
1247 4 53.23 1055.82 43.32 1 1246
1248 4 51.62 1057.01 43.32 1 1247
1249 4 51.39 1059.17 43.32 1 1248
1250 4 52.96 1059.5 43.32 1 1249
1251 4 56.69 1060.07 43.32 1 1250
1252 4 55.96 1062.91 42.92 1 1251
1253 4 53.92 1063.27 42.92 1 1252
1254 4 53.14 1064.01 42.92 1 1253
1255 4 55.35 1064.54 42.92 1 1254
1256 4 55.6 1066.01 42.92 1 1255
1257 4 53.74 1065.73 42.92 1 1256
1258 4 56.15 1067.43 42.92 1 1257
1259 4 56.32 1070.12 42.92 1 1258
1260 4 52.84 1071.03 42.92 1 1259
1261 4 51.53 1072.17 42.92 1 1260
1262 4 50.95 1074.08 42.92 1 1261
1263 4 50.76 1074.71 42.92 1 1262
1264 4 53.46 1076.37 42.92 1 1263
1265 4 48.55 1074.19 49.85 1 1263
1266 4 47.67 1074.35 49.85 1 1265
1267 4 48.53 1077.53 49.85 1 1266
1268 4 45.53 1075.93 45.86 1 1266
1269 4 46.54 1080 45.86 1 1268
1270 4 45.63 1083.49 45.86 1 1269
1271 4 48.96 1085.33 43.72 1 1270
1272 4 50.96 1082.86 48.25 1 1271
1273 4 58.74 1082.42 53.85 1 1272
1274 4 55.46 1087.84 32.93 1 1271
1275 4 43.33 1084.18 46.39 1 1270
1276 4 42.35 1076.79 44.79 1 1268
1277 4 42.95 1078.5 44.79 1 1276
1278 4 42.4 1084.05 41.86 1 1277
1279 4 39.67 1078.77 45.19 1 1277
1280 4 39.31 1083.67 44.79 1 1279
1281 4 41.12 703.45 39.19 1 1055
1282 4 41.17 710.71 39.19 1 1281
1283 4 41.81 717.86 36.65 1 1282
1284 4 40.1 725.43 38.65 1 1283
1285 4 39.54 729.16 38.65 1 1284
1286 4 41.49 742.15 36.79 1 1285
1287 4 41.72 746.95 34.92 1 1286
1288 4 41.93 756.91 39.46 1 1287
1289 4 43.26 764.55 35.86 1 1288
1290 4 47.29 779.46 35.19 1 1289
1291 4 47.16 782.21 35.19 1 1290
1292 4 48.13 794.76 33.72 1 1291
1293 4 50.23 801.66 35.19 1 1292
1294 4 50.56 807.05 40.39 1 1293
1295 4 50.65 819.76 42.66 1 1294
1296 4 50.67 830.35 46.52 1 1295
1297 4 55.01 841.57 43.19 1 1296
1298 4 54.63 849.82 43.19 1 1297
1299 4 54.13 855.66 52.12 1 1298
1300 4 58.15 863.13 47.32 1 1299
1301 4 58.89 870.88 47.59 1 1300
1302 4 57.37 877.81 41.86 1 1301
1303 4 57.51 883.84 42.79 1 1302
1304 4 57.81 885.6 47.99 1 1303
1305 4 55.94 890.47 47.99 1 1304
1306 4 58.82 896.63 50.25 1 1305
1307 4 58.28 902.34 44.66 1 1306
1308 4 62.09 908.65 45.06 1 1307
1309 4 61.81 910.51 45.06 1 1308
1310 4 59.54 914.84 45.06 1 1309
1311 4 59.81 918.13 45.06 1 1310
1312 4 63.85 922.27 45.06 1 1311
1313 4 65.19 924.76 45.06 1 1312
1314 4 64.1 930.71 41.99 1 1313
1315 4 69.02 939.85 39.46 1 1314
1316 4 73.16 942.76 37.86 1 1315
1317 4 73.12 944.28 40.11 1 1316
1318 4 71.97 948.12 39.46 1 1317
1319 4 70.62 943.81 41.99 1 1315
1320 4 70.25 946.9 41.19 1 1319
1321 4 71.8 952.39 36.39 1 1320
1322 4 70.37 958.09 41.32 1 1321
1323 4 71.04 961.91 41.32 1 1322
1324 4 70.98 963.29 41.32 1 1323
1325 4 68.07 967.43 41.32 1 1324
1326 4 68.18 969.84 41.32 1 1325
1327 4 69.86 972.57 41.32 1 1326
1328 4 68.37 976.16 36.79 1 1327
1329 4 69.88 981.35 43.06 1 1328
1330 4 68.82 983.96 43.32 1 1329
1331 4 65.6 988.15 39.06 1 1330
1332 4 70.14 991.6 41.46 1 1331
1333 4 73.05 994.43 41.46 1 1332
1334 4 74.1 996.97 41.46 1 1333
1335 4 77.88 997.83 37.46 1 1334
1336 4 79.23 1002.14 43.72 1 1335
1337 4 82.68 1004.57 43.72 1 1336
1338 4 84.22 1008.24 43.72 1 1337
1339 4 89.19 1010.7 43.72 1 1338
1340 4 93.89 1016.85 43.72 1 1339
1341 4 97.58 1018.94 40.26 1 1340
1342 4 98.25 1024.58 45.06 1 1341
1343 4 101.72 1025.35 47.32 1 1342
1344 4 103.95 1029.51 47.32 1 1343
1345 4 103.62 1031.08 47.32 1 1344
1346 4 106.89 1035.96 47.32 1 1345
1347 4 108.8 1036.54 47.32 1 1346
1348 4 109.26 1039.18 46.92 1 1347
1349 4 110.5 1041.09 45.06 1 1348
1350 4 112.36 1041.37 45.06 1 1349
1351 4 112.44 1045.29 45.06 1 1350
1352 4 116.73 1049.09 45.06 1 1351
1353 4 124.09 1051.45 50.52 1 1352
1354 4 125.92 1053.25 55.99 1 1353
1355 4 133.42 1054.67 57.72 1 1354
1356 4 140.39 1056.49 57.72 1 1355
1357 4 147.45 1057.08 60.38 1 1356
1358 4 150.88 1055.88 53.32 1 1357
1359 4 153.69 1058.12 53.99 1 1358
1360 4 156.63 1064.58 48.79 1 1359
1361 4 154.28 1058.02 55.45 1 1359
1362 4 157.19 1060.85 52.12 1 1361
1363 4 158.09 1057.36 55.72 1 1361
1364 4 163.2 1058.89 59.19 1 1363
1365 4 169.82 1058.65 51.72 1 1364
1366 4 173.25 1059.27 51.72 1 1365
1367 4 182.75 1058.23 48.79 1 1366
1368 4 185.06 1059.34 48.79 1 1367
1369 4 189.67 1059.75 48.79 1 1368
1370 4 192.46 1063.38 39.06 1 1369
1371 4 64.65 989.97 42.12 1 1331
1372 4 67.62 993.09 42.12 1 1371
1373 4 66.9 995.94 42.12 1 1372
1374 4 63.67 996.5 42.12 1 1373
1375 4 64.88 1001.74 45.32 1 1374
1376 4 62.39 1003.08 41.99 1 1375
1377 4 60.94 1005.15 41.99 1 1376
1378 4 60.31 1006.77 41.99 1 1377
1379 4 57.76 1006 41.99 1 1378
1380 4 56.24 1007.78 41.99 1 1379
1381 4 56.17 1010.82 38.79 1 1380
1382 4 53.78 1012.75 44.39 1 1381
1383 4 54.44 1014.76 46.92 1 1382
1384 4 53.13 1017.71 46.92 1 1383
1385 4 54.13 1019.96 46.92 1 1384
1386 4 50.65 1020.86 46.92 1 1385
1387 4 50.07 1022.78 46.92 1 1386
1388 4 50.44 1024.84 46.92 1 1387
1389 4 48.15 1027.35 47.59 1 1388
1390 4 48.37 1030.34 44.52 1 1389
1391 4 51.99 1037.29 47.99 1 1390
1392 4 48.15 1041.28 45.59 1 1391
1393 4 48.36 1044.27 46.92 1 1392
1394 4 46.42 1047.03 42.52 1 1393
1395 4 48.99 1049.62 42.52 1 1394
1396 4 50.62 1052.06 44.26 1 1395
1397 4 52.45 1053.86 47.59 1 1396
1398 4 54.46 1055.03 35.72 1 1397
1399 4 53.07 1056.02 47.99 1 1398
1400 4 48.67 1056.79 47.99 1 1399
1401 4 46.01 1062.39 47.72 1 1400
1402 4 45.78 1064.56 47.59 1 1401
1403 4 48.13 1064.15 47.59 1 1402
1404 4 50.2 1065.61 47.59 1 1403
1405 4 48.89 1066.74 47.59 1 1404
1406 4 46.28 1065.68 57.85 1 1405
1407 4 42.59 1063.59 57.85 1 1406
1408 4 41.03 1065.08 57.85 1 1407
1409 4 39.68 1067.73 62.52 1 1408
1410 4 40.77 1068.76 62.52 1 1409
1411 4 42.18 1068.21 62.52 1 1410
1412 4 43.32 1069.52 62.52 1 1411
1413 4 44.01 1070.01 62.52 1 1412
1414 4 46.04 1072.99 62.52 1 1413
1415 4 46.6 1069.26 62.52 1 1414
1416 4 55.45 1008.67 45.46 1 1380
1417 4 52.51 1009.18 45.46 1 1416
1418 4 50.65 1008.9 47.99 1 1417
1419 4 50.99 1010.96 52.39 1 1418
1420 4 48.27 1012.64 52.39 1 1419
1421 4 45.04 1013.2 52.39 1 1420
1422 4 42.07 1015.23 55.99 1 1421
1423 4 38.92 1014.57 47.19 1 1422
1424 4 37.18 1016.69 47.85 1 1423
1425 4 34.99 1019.79 47.99 1 1424
1426 4 29.41 1020.76 49.72 1 1425
1427 4 29.73 1024.34 49.72 1 1426
1428 4 28.13 1027.34 50.52 1 1427
1429 4 23.77 1026.59 52.39 1 1428
1430 4 19.3 1027.06 54.92 1 1429
1431 4 19.16 1027.99 54.92 1 1430
1432 4 14.97 1029.93 54.52 1 1431
1433 4 15.22 1031.4 58.79 1 1432
1434 4 18.36 1032.07 58.79 1 1433
1435 4 17.15 1033.79 58.79 1 1434
1436 4 21.03 1035.24 61.45 1 1435
1437 4 24.28 1036.49 56.79 1 1436
1438 4 25.32 1032.07 55.59 1 1437
1439 4 23.85 1039.29 63.45 1 1437
1440 4 17.46 1035.55 55.59 1 1435
1441 4 12.54 1033.38 58.52 1 1440
1442 4 17.43 1038.89 62.12 1 1440
1443 4 16.75 1040.22 62.12 1 1442
1444 4 16.47 1042.08 62.12 1 1443
1445 4 14.66 1042.1 61.85 1 1444
