# id type x y z radius parent
1 1 0 0 0 1 -1
2 3 9.33 -4.37 4.39 1 1
3 3 16.23 -3.71 4.39 1 2
4 3 22.16 -1.89 4.43 1 3
5 3 30.61 -2.05 2.83 1 4
6 3 30.38 2.46 2.19 1 5
7 3 32.36 4.98 4.27 1 6
8 3 33.26 5.02 4.27 1 7
9 3 35.44 -2.1 5.51 1 5
10 3 43.32 -2.9 5.35 1 9
11 3 47.38 -5.39 9.19 1 10
12 3 53.12 -5.69 8.03 1 11
13 3 57.44 -7.29 8.99 1 12
14 3 61.07 -4.5 8.87 1 13
15 3 66.8 -4.8 10.83 1 14
16 3 21.94 -6.25 1.83 1 3
17 3 30.6 -10.32 1.83 1 16
18 3 44.2 -22.27 1.83 1 17
19 3 51.37 -27.03 1.83 1 18
20 3 56.35 -29.78 -1.85 1 19
21 3 58.96 -33.58 -3.25 1 20
22 3 64.27 -36.91 -3.25 1 21
23 3 71.11 -41.07 -7.37 1 22
24 3 73.83 -46.97 -7.37 1 23
25 3 78.52 -50.04 -7.37 1 24
26 3 84.35 -57.58 -13.73 1 25
27 3 87.86 -61.31 -17.85 1 26
28 3 91.18 -66.86 -17.85 1 27
29 3 93.43 -69.76 -17.85 1 28
30 3 95.22 -69.36 -17.85 1 29
31 3 98.58 -75.82 -21.44 1 30
32 3 106.23 -78.14 -21.49 1 31
33 3 111.02 -83.01 -24.04 1 32
34 3 112.37 -85.96 -25.8 1 33
35 3 112.15 -87.48 -25.64 1 34
36 3 112.22 -88.68 -25.64 1 35
37 3 113.49 -89.82 -25.68 1 36
38 3 112.89 -89.85 -26.04 1 37
39 3 114.2 -91.9 -29.04 1 38
40 3 113.02 -92.26 -29.04 1 39
41 3 113.06 -93.16 -31 1 40
42 3 114.2 -97.63 -32 1 41
43 3 114.28 -99.14 -32 1 42
44 3 113.49 -101.29 -31.64 1 43
45 3 113.2 -101.61 -31.92 1 44
46 3 112.98 -103.12 -31.96 1 45
47 3 8.09 -6.66 5.47 1 1
48 3 11.59 -8.62 12.67 1 47
49 3 17.7 -10.11 12.67 1 48
50 3 24.51 -13.37 13.95 1 49
51 3 1.48 -11.26 -2.25 1 1
52 3 2.67 -16.61 -4.05 1 51
53 3 2.56 -20.25 -5.17 1 52
54 3 2.09 -22.68 -5.17 1 53
55 3 5.5 -24.61 -5.65 1 54
56 3 10.87 -29.47 -6.89 1 55
57 3 16.55 -39.73 -10.37 1 56
58 3 26.4 -54.89 -13.17 1 57
59 3 30.49 -58.3 -15.65 1 58
60 3 34.13 -64.03 -15.65 1 59
61 3 37.23 -65.68 -15.65 1 60
62 3 42.8 -68.09 -14.33 1 61
63 3 48.54 -74.14 -12.69 1 62
64 3 51.98 -76.67 -12.61 1 63
65 3 53.83 -77.17 -10.81 1 64
66 3 57.26 -79.4 -10.81 1 65
67 3 58.83 -80.53 -10.81 1 66
68 3 59.76 -81.08 -10.81 1 67
69 3 63.19 -83.31 -10.81 1 68
70 3 67.21 -85.23 -9.17 1 69
71 3 71.47 -85.89 -8.85 1 70
72 3 74.3 -88.16 -6.89 1 71
73 3 76.5 -89.86 -6.33 1 72
74 3 78.07 -90.98 -6.33 1 73
75 3 79.35 -92.42 -5.25 1 74
76 3 80.72 -95.37 -5.29 1 75
77 3 81.08 -96.56 -5.29 1 76
78 3 82.41 -99.2 -4.81 1 77
79 3 82.82 -101 -3.77 1 78
80 3 86.05 -105.35 -5.81 1 79
81 3 86.16 -107.35 -5.81 1 80
82 3 85.96 -109.16 -6.53 1 81
83 3 87.25 -110.91 -5.65 1 82
84 3 89.08 -111.41 -5.65 1 83
85 3 91.68 -114.9 -2.69 1 84
86 3 92.33 -116.07 -2.69 1 85
87 3 95.27 -120.14 -2.69 1 86
88 3 95.27 -120.14 -2.53 1 87
89 3 96.86 -121.86 -2.53 1 88
90 3 97.48 -122.36 0.71 1 89
91 3 -0.36 -21.43 -5.01 1 54
92 3 -2.69 -23.08 -5.01 1 91
93 3 -7.16 -24.21 -1.93 1 92
94 3 -2.61 -13.11 -3.37 1 1
95 3 -5.75 -16.6 -3.45 1 94
96 3 -8.92 -19.48 -3.45 1 95
97 3 -8.87 -26.11 -3.65 1 96
98 3 -11.17 -34.07 -3.65 1 97
99 3 -8.97 -35.77 -3.65 1 98
100 3 -11.58 -43.45 -1.37 1 99
101 3 -12.85 -53.77 -2.29 1 100
102 3 -13.26 -63.14 -2.29 1 101
103 3 -13.58 -68.59 -2.29 1 102
104 3 -14.94 -71.37 -3.13 1 103
105 3 -15.12 -73.79 -3.13 1 104
106 3 -15.85 -77.56 -3.13 1 105
107 3 -16.29 -80.6 -5.69 1 106
108 3 -17.96 -83.39 -5.69 1 107
109 3 -19.03 -85.87 -5.73 1 108
110 3 -19.49 -88.6 -9.01 1 109
111 3 -22.35 -91.46 -9.37 1 110
112 3 -22.55 -93.59 -9.37 1 111
113 3 -24.28 -94.89 -11.4 1 112
114 3 -24.14 -97.9 -15.01 1 113
115 3 -26.39 -101.03 -15.65 1 114
116 3 -26.84 -109.5 -15.69 1 115
117 3 -26.71 -112.21 -13.29 1 116
118 3 -25.39 -114.25 -13.29 1 117
119 3 -25.89 -116.08 -13.29 1 118
120 3 -25.71 -119.7 -13.29 1 119
121 3 -27.72 -121.3 -13.29 1 120
122 3 -27.92 -123.43 -16.73 1 121
123 3 -27.27 -124.3 -16.73 1 122
124 3 -27.36 -127.02 -18.93 1 123
125 3 -27 -128.21 -18.93 1 124
126 3 -26.94 -129.41 -21.44 1 125
127 3 -27.19 -130.33 -21.44 1 126
128 3 -27.66 -132.77 -20.97 1 127
129 3 -28.26 -133.1 -20.97 1 128
130 3 -30.65 -133.52 -20.97 1 129
131 3 -29.05 -135.25 -20.97 1 129
132 3 -29 -136.16 -20.97 1 131
133 3 -28.96 -137.05 -20.97 1 132
134 3 -28.3 -138.23 -20.97 1 133
135 3 -27.62 -139.7 -20.97 1 134
136 3 -24.53 -140.75 -20.97 1 135
137 3 -23.89 -141.61 -20.97 1 136
138 3 -23.82 -143.11 -20.97 1 137
139 3 -22.28 -143.65 -22.76 1 138
140 3 -21.01 -144.79 -22.76 1 139
141 3 -18.89 -144.98 -22.76 1 140
142 3 -18.53 -146.16 -22.05 1 141
143 3 -18.44 -147.67 -22.76 1 142
144 3 -17.12 -150.01 -22.76 1 143
145 3 -17.05 -151.21 -22.76 1 144
146 3 -16.16 -156.59 -22.25 1 145
147 3 -27.03 -99.36 -14.69 1 114
148 3 -28.76 -100.66 -14.69 1 147
149 3 -31.97 -102.93 -14.61 1 148
150 3 -31.84 -105.34 -14.61 1 149
151 3 -32.62 -107.8 -14.61 1 150
152 3 -35.02 -107.92 -14.61 1 151
153 3 -36.13 -109.79 -14.61 1 152
154 3 -37.89 -110.77 -14.61 1 153
155 3 -40.43 -113.94 -14.61 1 154
156 3 -47.61 -120.95 -14.65 1 155
157 3 -49.61 -123.17 -16.61 1 156
158 3 -49.53 -124.68 -16.61 1 157
159 3 -51.77 -128.11 -16.69 1 158
160 3 -52.59 -129.65 -16.69 1 159
161 3 -52.83 -130.86 -16.69 1 160
162 3 -53.39 -131.5 -16.69 1 161
163 3 -12.6 -24.98 -6.42 1 96
164 3 -19.15 -26.53 -6.42 1 163
165 3 -23.65 -27.07 -9.26 1 164
166 3 -28.96 -29.45 -10.82 1 165
167 3 -35.22 -30.99 -10.82 1 166
168 3 -39.69 -31.83 -11.73 1 167
169 3 -44.38 -34.49 -13.74 1 168
170 3 -52.76 -35.83 -14.02 1 169
171 3 -59.29 -37.68 -14.02 1 170
172 3 -62.64 -40.55 -14.02 1 171
173 3 -66.87 -40.47 -14.02 1 172
174 3 -71.91 -42.24 -14.78 1 173
175 3 -75.72 -44.25 -14.78 1 174
176 3 -84.38 -46.2 -16.21 1 175
177 3 -88.33 -45.51 -18.17 1 176
178 3 -98.45 -47.86 -16.57 1 177
179 3 -105.39 -47.91 -16.65 1 178
180 3 -112.82 -50.11 -16.37 1 179
181 3 -119.72 -50.78 -18.09 1 180
182 3 -122.35 -52.43 -20.09 1 181
183 3 -123.53 -52.79 -21.17 1 182
184 3 -124.74 -52.86 -21.17 1 183
185 3 -127.45 -52.98 -21.17 1 184
186 3 -127.77 -53.16 -21.85 1 185
187 3 -129.26 -53.54 -21.85 1 186
188 3 -130.49 -53.01 -21.93 1 187
189 3 -7.37 -10.19 3.99 1 1
190 3 -12.47 -16.48 3.99 1 189
191 3 -12.94 -18.93 4.15 1 190
192 3 -12.99 -23.76 6.51 1 191
193 3 -12.79 -27.67 5.79 1 192
194 3 -12.68 -35.51 7.87 1 193
195 3 -12.34 -41.81 7.87 1 194
196 3 -8.67 -48.56 15.83 1 195
197 3 -8.19 -63.62 15.83 1 196
198 3 -6.69 -64.85 15.83 1 197
199 3 -4.43 -79.2 15.71 1 198
200 3 -4.1 -85.53 15.79 1 199
201 3 -4.06 -86.12 15.83 1 200
202 3 -4.81 -89.18 15.83 1 201
203 3 -7.21 -95.34 17.7 1 202
204 3 -7.68 -97.78 17.7 1 203
205 3 -8.54 -104.16 17.54 1 204
206 3 -8.53 -104.46 16.55 1 205
207 3 -19.41 -21.54 5.31 1 191
208 3 -20.55 -22.5 5.31 1 207
209 3 -26.89 -22.85 7.51 1 208
210 3 -32.31 -22.83 7.79 1 209
211 3 -36.38 -25.76 11.71 1 210
212 3 -44.31 -29.8 16.51 1 211
213 3 -50.84 -31.64 16.47 1 212
214 3 -53.92 -30.91 22.78 1 213
215 3 -59.55 -32.4 22.78 1 214
216 3 -68.25 -33.16 28.02 1 215
217 3 -72.94 -35.81 29.38 1 216
218 3 -79.16 -38.26 34.1 1 217
219 3 -89.32 -38.62 34.9 1 218
220 3 -91.69 -39.35 33.46 1 219
221 3 -23.71 -29.78 4.05 1 208
222 3 -31.2 -36.51 4.05 1 221
223 3 -39.05 -48.06 3.88 1 222
224 3 -43.76 -55.84 3.88 1 223
225 3 -49 -59.43 1.05 1 224
226 3 -54.11 -65.74 0.91 1 225
227 3 -57.83 -69.55 -1.27 1 226
228 3 -59.84 -71.77 -2.11 1 227
229 3 -62.51 -72.21 -2.93 1 228
230 3 -63.05 -73.45 -2.93 1 229
231 3 -63.34 -73.76 -2.93 1 230
232 3 -65.9 -76.61 -3.78 1 231
233 3 -66.77 -77.26 -3.78 1 232
234 3 -69.17 -77.69 -3.78 1 233
235 3 -71.22 -78.71 -5.43 1 234
236 3 -76.58 -80.18 -5.71 1 235
237 3 -79.18 -82.13 -7.07 1 236
238 3 -81.45 -84.97 -7.07 1 237
239 3 -83.08 -88.37 -8.88 1 238
240 3 -87.72 -91.22 -12.09 1 239
241 3 -88.84 -93.08 -13.11 1 240
242 3 -90.84 -95.01 -13.11 1 241
243 3 -91.7 -95.96 -13.76 1 242
244 3 -92.25 -96.9 -13.76 1 243
245 3 -94.81 -99.74 -13.76 1 244
246 3 -97.43 -101.68 -13.76 1 245
247 3 -97.4 -101.99 -13.93 1 246
248 3 -100.95 -103.68 -15.41 1 247
249 3 -104.1 -106.86 -15.54 1 248
250 3 -106.76 -107.91 -15.54 1 249
251 3 -110.49 -111.42 -15.56 1 250
252 3 -111.06 -112.05 -15.56 1 251
253 3 -112.4 -115.15 -15.56 1 252
254 3 -114.17 -116.13 -15.56 1 253
255 3 -114.44 -116.75 -16.02 1 254
256 3 -116.43 -118.97 -16.02 1 255
257 3 -117.86 -120.26 -16.02 1 256
258 3 -118.4 -121.77 -17.09 1 257
259 3 -120.45 -122.8 -17.09 1 258
260 3 -123.66 -124.77 -16.78 1 259
261 3 -125.02 -127.55 -17.45 1 260
262 3 -127.06 -128.88 -13.7 1 261
263 3 -128.22 -129.83 -13.04 1 262
264 3 -128.42 -131.97 -13.76 1 263
265 3 -9.86 -2.8 -1.37 1 1
266 3 -17.71 -2.6 -1.72 1 265
267 3 -24.1 -7.15 -1.84 1 266
268 3 -28.21 -9.48 -6.14 1 267
269 3 -31.16 -10.55 -8.25 1 268
270 3 -32.62 -11.53 -8.25 1 269
271 3 -34.39 -12.21 -7.92 1 270
272 3 -36.45 -13.23 -7.5 1 271
273 3 -40.03 -14.03 -8.12 1 272
274 3 -43.56 -15.72 -8.09 1 273
275 3 -46.26 -15.85 -9.45 1 274
276 3 -50.13 -16.97 -10.6 1 275
277 3 -53.92 -19.28 -11.93 1 276
278 3 -55.72 -19.36 -12.98 1 277
279 3 -58.93 -21.65 -14.41 1 278
280 3 -61.28 -22.68 -15.42 1 279
281 3 -62.71 -24.25 -15.42 1 280
282 3 -66.52 -26.57 -16.98 1 281
283 3 -67.34 -28.12 -17.58 1 282
284 3 -69.05 -30.03 -16.41 1 283
285 3 -70.83 -30.42 -16.02 1 284
286 3 -72.35 -30.2 -16.02 1 285
287 3 -74.65 -32.43 -15.95 1 286
288 3 -77.49 -34.41 -15.95 1 287
289 3 -79.87 -35.14 -15.95 1 288
290 3 -84.6 -36.9 -17.35 1 289
291 3 -87.19 -39.15 -17.33 1 290
292 3 -89.39 -43.47 -17.45 1 291
293 3 -91.27 -47.8 -16.89 1 292
294 3 -92.4 -49.37 -16.13 1 293
295 3 -94.07 -51.87 -14.7 1 294
296 3 -95.24 -52.84 -14.7 1 295
297 3 -99.04 -54.84 -14.45 1 296
298 3 -100.46 -56.73 -14.45 1 297
299 3 -102.69 -60.17 -14.14 1 298
300 3 -105.54 -63.33 -14.14 1 299
301 3 -107.94 -69.18 -12.04 1 300
302 3 -110.54 -71.43 -12.37 1 301
303 3 -113.15 -73.38 -12.37 1 302
304 3 -113.9 -76.44 -12.92 1 303
305 3 -115.48 -80.75 -14.3 1 304
306 3 -117.67 -85.08 -14.3 1 305
307 3 -120.05 -88.01 -14.77 1 306
308 3 -121.43 -90.51 -15.54 1 307
309 3 -124.62 -92.79 -16.25 1 308
310 3 -126.02 -94.97 -16.93 1 309
311 3 -127.22 -95.03 -16.93 1 310
312 3 -128.09 -95.38 -16.93 1 311
313 3 -128.64 -96.61 -17.48 1 312
314 3 -128.94 -96.92 -17.48 1 313
315 3 -128.45 -94.49 -17.29 1 312
316 3 -129.04 -94.82 -17.29 1 315
317 3 -24.87 0.13 -2.1 1 266
318 3 -33.65 6.6 -3.35 1 317
319 3 -37.3 7.01 -5.03 1 318
320 3 -42.74 7.32 -6.48 1 319
321 3 -46.98 7.71 -8.05 1 320
322 3 -48.89 9.42 -11.48 1 321
323 3 -51.59 9.27 -11.48 1 322
324 3 -54.49 12.74 -14.18 1 323
325 3 -57.54 13.19 -14.18 1 324
326 3 -65.35 18.5 -14.74 1 325
327 3 -71.45 19.7 -14.77 1 326
328 3 -74.09 18.35 -14.8 1 327
329 3 -77.62 16.66 -14.88 1 328
330 3 -82.71 16.09 -14.52 1 329
331 3 -84.9 17.48 -14.52 1 330
332 3 -88.61 19.1 -14.52 1 331
333 3 -95.58 19.94 -14.52 1 332
334 3 -98.15 23.12 -15.36 1 333
335 3 -100.33 24.21 -16.16 1 334
336 3 -105.08 28.49 -16.52 1 335
337 3 -107.3 30.49 -17.42 1 336
338 3 -108.55 31.32 -17.43 1 337
339 3 -109.55 33.08 -17.16 1 338
340 3 -111.49 35.7 -18.63 1 339
341 3 -118.24 39.48 -19.28 1 340
342 3 -122.54 41.07 -20.81 1 341
343 3 -124.16 43.09 -20.51 1 342
344 3 -124.79 43.66 -20.51 1 343
345 3 -126.12 46.01 -20.65 1 344
346 3 -126.75 46.57 -20.74 1 345
347 3 -128.05 48.32 -21.42 1 346
348 3 -130.51 49.4 -21.6 1 347
349 3 -132.02 49.32 -22.51 1 348
350 3 -133.91 50.72 -22.51 1 349
351 3 -137.2 50.56 -23.14 1 350
352 3 -138.12 50.81 -22.73 1 351
353 3 -138.47 51.7 -22.81 1 352
354 3 -140.34 52.8 -23.48 1 353
355 3 -141.36 54.87 -24.45 1 354
356 3 -142.67 57.12 -24.09 1 355
357 3 -142.67 57.12 -23.91 1 356
358 3 -143.64 58.28 -23.75 1 357
359 3 -146.53 56.01 -23.48 1 358
360 3 -150.74 55.8 -25.35 1 359
361 3 -151.64 55.75 -25.34 1 360
362 3 -152.74 53.58 -25.34 1 361
363 3 -155.22 54.95 -25.49 1 362
364 3 -157.87 53.61 -25.49 1 363
365 3 -157.87 53.61 -24.85 1 364
366 3 -159.89 51.99 -24.34 1 365
367 3 -33.9 -0.96 1.74 1 317
368 3 -39.32 -1.27 3.82 1 367
369 3 -40.16 -2.52 4.34 1 368
370 3 -44.33 -3.63 4.39 1 369
371 4 1.73 15.06 -2.42 1 1
372 4 0.63 24.97 -2.43 1 371
373 4 1.01 30.83 -2.43 1 372
374 4 3.42 40.12 -3.24 1 373
375 4 11.89 45.84 -4.92 1 374
376 4 16.02 47.55 -3.43 1 375
377 4 20.9 52.33 -5.21 1 376
378 4 23.99 56.72 -9.25 1 377
379 4 23.91 58.22 -8.82 1 378
380 4 25.77 57.12 -8.82 1 379
381 4 26.65 57.76 -9.96 1 380
382 4 29.26 59.71 -10.98 1 381
383 4 30.42 60.38 -10.98 1 382
384 4 33.97 61.21 -10.98 1 383
385 4 36.61 62.86 -12.49 1 384
386 4 37.67 65.63 -12.49 1 385
387 4 40.03 66.66 -13.56 1 386
388 4 41.11 68.83 -14.21 1 387
389 4 42.58 69.81 -14.23 1 388
390 4 43.62 73.19 -15.21 1 389
391 4 45.11 73.26 -15.21 1 390
392 4 46.51 75.45 -16.19 1 391
393 4 51.61 81.74 -19.76 1 392
394 4 51.91 83.89 -20.65 1 393
395 4 53.6 86.09 -20.63 1 394
396 4 54.59 90.06 -23.35 1 395
397 4 58.21 90.25 -24.12 1 396
398 4 60.49 92.78 -25.7 1 397
399 4 60.71 94.3 -25.49 1 398
400 4 60.57 97.01 -26.46 1 399
401 4 65.13 102.08 -28.53 1 400
402 4 69.08 106.23 -29.87 1 401
403 4 70.13 109 -30.15 1 402
404 4 69.5 109.56 -30.33 1 403
405 4 69.07 112.26 -30.91 1 404
406 4 66.11 111.2 -30.91 1 405
407 4 63.12 110.45 -31.92 1 406
408 4 62.94 108.02 -31.91 1 407
409 4 24.61 51.1 -9.51 1 377
410 4 26.62 53.03 -10.62 1 409
411 4 31.12 53.56 -12.85 1 410
412 4 34.71 54.05 -13.72 1 411
413 4 36.21 54.43 -13.73 1 412
414 4 39.87 53.42 -14.6 1 413
415 4 42.59 53.26 -15.58 1 414
416 4 44.03 54.83 -17.5 1 415
417 4 47.39 53.81 -20.48 1 416
418 4 49.75 54.83 -22.5 1 417
419 4 51.95 53.14 -22.5 1 418
420 4 53.98 54.76 -23.99 1 419
421 4 55.09 50.89 -25.67 1 420
422 4 56.36 50.47 -27.58 1 421
423 4 57.64 49.02 -26.58 1 422
424 4 57.73 47.52 -26.58 1 423
425 4 59.4 50.02 -26.58 1 424
426 4 60.95 49.2 -27.97 1 425
427 4 61.35 47.4 -27.96 1 426
428 4 62.23 47.75 -27.96 1 427
429 4 64.1 46.64 -27.96 1 428
430 4 64.99 46.99 -27.99 1 429
431 4 4.03 42.44 -3.45 1 374
432 4 4.64 47.9 -3.45 1 431
433 4 6.24 53.6 -2.31 1 432
434 4 9.79 58.58 -0.4 1 433
435 4 9.68 60.69 -0.4 1 434
436 4 13.83 62.11 0.96 1 435
437 4 16.67 65.58 2.39 1 436
438 4 18.39 67.17 2.39 1 437
439 4 20.48 67.58 1.86 1 438
440 4 21.92 68.87 1.86 1 439
441 4 24.56 70.94 1.86 1 440
442 4 24.79 72.15 3.09 1 441
443 4 30.23 71.84 5.14 1 442
444 4 33.38 75.02 5 1 443
445 4 40.45 78.41 5.42 1 444
446 4 45.64 82.9 6.71 1 445
447 4 52.55 83.26 7.53 1 446
448 4 58.9 89.03 8.75 1 447
449 4 59.99 91.19 11.52 1 448
450 4 63.45 93.2 13.93 1 449
451 4 66.52 92.16 12.43 1 450
452 4 69.1 94.7 14.59 1 451
453 4 72.14 94.26 14.56 1 452
454 4 74.48 95.59 14.55 1 453
455 4 79.64 94.95 14.54 1 454
456 4 83.43 97.56 12.43 1 455
457 4 85.52 97.98 10.92 1 456
458 4 88.17 99.33 10.92 1 457
459 4 90.58 98.84 10.92 1 458
460 4 91.38 101.31 10.5 1 459
461 4 94.04 102.35 10.5 1 460
462 4 97.85 104.36 9.68 1 461
463 4 99.57 105.95 11.71 1 462
464 4 101.83 108.79 11.71 1 463
465 4 101.55 108.47 11.71 1 464
466 4 92.18 103.16 14.23 1 456
467 4 100.61 109.04 15.79 1 466
468 4 105.6 112.01 16.86 1 467
469 4 112.08 114.76 16.83 1 468
470 4 113.74 117.58 14.7 1 469
471 4 116.05 119.51 14.7 1 470
472 4 120.19 120.92 14.7 1 471
473 4 122.8 122.87 16.43 1 472
474 4 128.78 124.09 15.79 1 473
475 4 131.36 126.65 18.06 1 474
476 4 134.93 127.43 18.06 1 475
477 4 137.25 129.37 16.59 1 476
478 4 141.14 129.88 19.13 1 477
479 4 147.48 129.59 19.14 1 478
480 4 154.77 128.78 19.14 1 479
481 4 157.77 128.94 18.53 1 480
482 4 68.76 92.86 20.39 1 451
483 4 70.58 92.37 20.18 1 482
484 4 72.27 89.13 20.09 1 483
485 4 74.17 87.42 17.68 1 484
486 4 74.55 85.92 16.07 1 485
487 4 77.8 87.31 24.93 1 486
488 4 80.57 86.25 26.94 1 487
489 4 82.13 85.14 28.87 1 488
490 4 92.77 83.28 28.87 1 489
491 4 17.82 63.66 3.44 1 438
492 4 20.49 64.4 3.44 1 491
493 4 20.3 62.28 3.44 1 492
494 4 20.6 62.3 3.44 1 493
495 4 7.25 57.19 -1.58 1 433
496 4 5.87 66.18 -5.4 1 495
497 4 3.69 72.97 -6.64 1 496
498 4 1.39 71.85 -7.19 1 497
499 4 -1.02 73.19 -8.46 1 498
500 4 -1.8 76.48 -9.79 1 499
501 4 -3.96 77.57 -10.65 1 500
502 4 -5.05 80.84 -11.76 1 501
503 4 -6.37 83.17 -12.1 1 502
504 4 -7.37 85.23 -12.1 1 503
505 4 -10.79 86.86 -13.9 1 504
506 4 -14.08 86.39 -15.02 1 505
507 4 -17.04 91.06 -15.93 1 506
508 4 -21.82 91.33 -17.95 1 507
509 4 -21.89 92.84 -18.17 1 508
510 4 -28.72 96.7 -17.12 1 509
511 4 -29.89 101.78 -17.12 1 510
512 4 -32.38 103.15 -19.9 1 511
513 4 -36.11 105.37 -20.32 1 512
514 4 -40.62 110.87 -21.85 1 513
515 4 -41.86 112.92 -21.85 1 514
516 4 -46.08 113 -22.71 1 515
517 4 -47.06 114.46 -24.28 1 516
518 4 -46.04 118.13 -24.19 1 517
519 4 -45.48 118.76 -24.19 1 518
520 4 -46.2 121.14 -24.19 1 519
521 4 -47.48 122.28 -24.19 1 520
522 4 -48.69 122.52 -24.19 1 521
523 4 -48.67 116.49 -24.39 1 517
524 4 -49.73 119.45 -24.39 1 523
525 4 -51 120.59 -25.72 1 524
526 4 -51.87 119.94 -26.36 1 525
527 4 -7.25 80.04 -13.77 1 502
528 4 -8.51 80.89 -13.77 1 527
529 4 -9.71 80.82 -13.77 1 528
530 4 -11.88 82.22 -13.77 1 529
531 4 -13.47 83.63 -13.77 1 530
532 4 -16.46 83.17 -13.46 1 531
533 4 -27.71 90.75 -14.98 1 532
534 4 -30.98 95.4 -14.04 1 533
535 4 -33.19 97.39 -14.04 1 534
536 4 -33.66 100.39 -14.04 1 535
537 4 -35.89 102.98 -14.04 1 536
538 4 -38.34 103.45 -14.04 1 537
539 4 -43.26 111.04 -15.69 1 538
540 4 -51.48 118.44 -16.72 1 539
541 4 -53.63 118.95 -18.98 1 540
542 4 -54.66 121.6 -18.49 1 541
543 4 -57.45 122.96 -20.58 1 542
544 4 -59.05 124.69 -20.65 1 543
545 4 -59.97 124.94 -20.35 1 544
546 4 -61.23 125.79 -21.81 1 545
547 4 -62.78 126.91 -21.96 1 546
548 4 -63.17 128.4 -22.33 1 547
549 4 -63.11 128.82 -22.33 1 548
550 4 -65.32 130.82 -22.33 1 549
551 4 -66.87 131.64 -22.65 1 550
552 4 -66.7 134.06 -22.65 1 551
553 4 -69.98 133.29 -22.65 1 551
554 4 -71.54 134.42 -23.01 1 553
555 4 -72.98 133.13 -23.01 1 554
556 4 -75.5 135.11 -24.71 1 555
557 4 -77.71 136.81 -23.78 1 556
558 4 -79.15 135.82 -23.78 1 557
559 4 -83.4 136.21 -20.05 1 558
560 4 -87.44 138.41 -20.01 1 559
561 4 4.07 71.81 -6.43 1 497
562 4 1.04 79.8 -5.66 1 561
563 4 1.59 92.19 -4.62 1 562
564 4 1.88 98.04 -3.19 1 563
565 4 7.04 110.45 1.17 1 564
566 4 8.55 112.76 0.64 1 565
567 4 15.52 111.92 2.79 1 566
568 4 23.69 117.17 2.36 1 567
569 4 25.46 118.18 2.36 1 568
570 4 26.84 120.36 3.54 1 569
571 4 32.52 121.26 6.92 1 570
572 4 34.49 124.07 7.98 1 571
573 4 38.44 123.68 8.54 1 572
574 4 41.1 124.42 9.67 1 573
575 4 42.18 126.89 12.93 1 574
576 4 44.92 126.43 14.39 1 575
577 4 48.19 127.51 15.27 1 576
578 4 48.71 129.04 15.27 1 577
579 4 47.78 129.59 15.27 1 578
580 4 55.11 127.57 18.78 1 579
581 4 58.49 126.55 20.4 1 580
582 4 59.45 125.38 21.42 1 581
583 4 62.98 127.08 21.5 1 582
584 4 63.22 128.29 23.54 1 583
585 4 68.41 127.06 23.44 1 584
586 4 71.69 126.98 26.53 1 585
587 4 74.27 129.22 25.08 1 586
588 4 76.11 128.7 25.08 1 587
589 4 77.71 133.02 29.44 1 588
590 4 80.43 132.86 30.94 1 589
591 4 81.83 135.05 32.96 1 590
592 4 84.02 139.08 35.6 1 591
593 4 83.92 140.88 35.6 1 592
594 4 85.39 141.87 37.03 1 593
595 4 88.27 144.13 37.03 1 594
596 4 89.19 144.18 37.03 1 595
597 4 90.4 143.94 37.03 1 596
598 4 46.47 124.74 12.27 1 576
599 4 49.74 125.82 12.27 1 598
600 4 51.1 122.88 12.27 1 599
601 4 53.83 122.42 12.27 1 600
602 4 56.92 121.07 12.27 1 601
603 4 60.12 117.62 12.27 1 602
604 4 63.05 113.54 13.09 1 603
605 4 66.67 113.44 14.58 1 604
606 4 68.29 111.41 14.58 1 605
607 4 70.74 110.63 14.58 1 606
608 4 71.33 110.66 12.46 1 607
609 4 74.41 109.62 10.62 1 608
610 4 76.17 110.62 10.62 1 609
611 4 79.6 108.38 10.62 1 610
612 4 81.77 107.29 9.8 1 611
613 4 84.52 106.53 9.8 1 612
614 4 85.08 107.47 9.81 1 613
615 4 89.02 107.06 8.04 1 614
616 4 92.08 106.02 6.81 1 615
617 4 95.18 104.68 5.1 1 616
618 4 97 104.47 5.06 1 617
619 4 101.3 102.88 5.06 1 618
620 4 104.02 103.03 5.06 1 619
621 4 104.67 102.15 5.06 1 620
622 4 107.02 103.18 5.06 1 621
623 4 108.03 101.12 5.06 1 622
624 4 110.18 100.33 5.06 1 623
625 4 26.66 117.07 6.63 1 569
626 4 28.42 118.07 6.48 1 625
627 4 30.63 116.37 15.06 1 626
628 4 34.22 116.86 15.3 1 627
629 4 34.35 120.19 16.36 1 628
630 4 35.99 123.29 17.23 1 629
631 4 37.91 121.28 17.23 1 630
632 4 41.51 121.47 19.66 1 631
633 4 43.78 124.3 22.76 1 632
634 4 45.38 122.58 25.22 1 633
635 4 44.86 121.04 29.86 1 634
636 4 46.4 120.23 29.86 1 635
637 4 47.52 122.08 30.69 1 636
638 4 48.7 122.45 31.73 1 637
639 4 49.08 120.96 33.89 1 638
640 4 50.98 119.25 35.36 1 639
641 4 52.09 121.12 35.88 1 640
642 4 53.38 119.67 36.19 1 641
643 4 2.48 109.65 -0.33 1 564
644 4 0.76 114.09 -1.66 1 643
645 4 1.62 120.06 -1.79 1 644
646 4 -1.46 128.57 -1.87 1 645
647 4 -1.74 133.99 -1.87 1 646
648 4 -1.56 136.4 -4.09 1 647
649 4 -3.77 138.1 -5.25 1 648
650 4 -8.67 139.36 -6.47 1 649
651 4 -7.56 141.51 -7.64 1 650
652 4 -10.29 147.41 -9.04 1 651
653 4 -12.33 149.41 -9.61 1 652
654 4 -11.06 154.01 -12.37 1 653
655 4 -13.42 159.02 -13.5 1 654
656 4 -12.38 162.08 -14.7 1 655
657 4 -11.95 165.43 -15.93 1 656
658 4 -10.51 166.71 -16.97 1 657
659 4 -12.99 167.8 -18.46 1 658
660 4 -13.95 168.96 -20.17 1 659
661 4 -15.42 168.27 -20.17 1 660
662 4 -15.69 167.66 -20.17 1 661
663 4 -16.45 170.64 -20.01 1 660
664 4 -17.74 172.08 -21.74 1 663
665 4 -15.04 172.52 -24.08 1 664
666 4 -14.44 172.55 -24.08 1 665
667 4 -18.02 171.76 -22.63 1 664
668 4 -19.58 172.89 -22.63 1 667
669 4 -20.25 174.05 -22.89 1 668
670 4 -16.95 174.52 -22.44 1 667
671 4 -18.04 177.8 -23.57 1 670
672 4 -18.8 180.77 -23.57 1 671
673 4 -18.85 181.67 -23.57 1 672
674 4 2.23 124.23 -1.87 1 645
675 4 2.48 136.91 -2.03 1 674
676 4 0.68 142.25 -1.79 1 675
677 4 0.93 148.9 -2.52 1 676
678 4 -1.07 155.76 -1.4 1 677
679 4 -2.96 155.05 -1.32 1 678
680 4 -5.42 155.83 -1.32 1 679
681 4 -6.74 157.87 -1.32 1 680
682 4 -6.33 161.82 -0.03 1 681
683 4 -8.11 166.86 -1.34 1 682
684 4 -10.12 170.67 -1.34 1 683
685 4 -12.17 175.39 -0.71 1 684
686 4 -16.59 179.08 -0.67 1 685
687 4 -19.25 183.77 1.19 1 686
688 4 -23.71 188.36 1.19 1 687
689 4 -23.42 191.2 1.19 1 688
690 4 -22.94 193.63 3.03 1 689
691 4 -24.66 197.47 3.36 1 690
692 4 -28.65 199.07 3.36 1 691
693 4 -29.43 202.34 5.15 1 692
694 4 -29.82 204.14 5.8 1 693
695 4 -29.87 205.04 5.8 1 694
696 4 -31.18 206.78 4.92 1 695
697 4 -34.18 209.05 4.92 1 696
698 4 -36.49 212.87 5.73 1 697
699 4 -36.85 214.04 5.73 1 698
700 4 -39.12 216.94 5.73 1 699
701 4 -39.81 218.72 5.73 1 700
702 4 -40.78 219.88 5.73 1 701
703 4 -41.44 221.04 5.73 1 702
704 4 -42.13 222.52 6.45 1 703
705 4 -43.72 224.25 6.45 1 704
706 4 -44.97 225.08 6.45 1 705
707 4 -46.56 227.44 6.92 1 706
708 4 -47.59 230.09 6.92 1 707
709 4 -48.7 233.97 9.88 1 708
710 4 -49.47 236.93 9.88 1 709
711 4 -51.46 240.76 9.88 1 710
712 4 -51.91 243.44 12.59 1 711
713 4 -52.33 245.96 12.59 1 712
714 4 -51.87 248.69 13.17 1 713
715 4 -53.23 251.93 13.17 1 714
716 4 -53.61 253.13 13.17 1 715
717 4 -55.48 254.54 12.45 1 716
718 4 -56.13 255.41 12.47 1 717
719 4 -59.27 257.66 12.47 1 718
720 4 -59.94 258.82 12.47 1 719
721 4 -61.28 261.48 11.83 1 720
722 4 -64.78 264.92 9.52 1 721
723 4 -65.65 265.18 9.52 1 722
724 4 -66.66 267.23 9.52 1 723
725 4 -67.98 269.28 9.74 1 724
726 4 -68.7 271.66 8.92 1 725
727 4 -69.71 273.71 8.92 1 726
728 4 -69.45 274.33 8.92 1 727
729 4 -69.33 277.65 8.92 1 728
730 4 -68.79 279.19 8.92 1 729
731 4 -65.6 270.01 9.74 1 725
732 4 -65.03 270.64 10.07 1 731
733 4 -0.54 153.96 -1.69 1 678
734 4 -1.17 165.99 -4.34 1 733
735 4 -1.13 170.99 -0.09 1 734
736 4 -1.22 178.52 -0.46 1 735
737 4 -0.95 184.88 -1.43 1 736
738 4 -0.21 188.24 1.69 1 737
739 4 3.34 191.03 2.42 1 738
740 4 6.75 189.05 2.68 1 739
741 4 9.23 187.68 3.46 1 740
742 4 10.09 182.9 7.8 1 741
743 4 11.05 182.04 11.57 1 742
744 4 12.98 185.16 11.57 1 743
745 4 12.87 187.27 10.82 1 744
746 4 14.47 185.54 10.82 1 745
747 4 15.3 187.08 12.86 1 746
748 4 16.48 187.46 12.86 1 747
749 4 16.84 186.57 14.01 1 748
750 4 12.82 182.44 11.57 1 743
751 4 18.97 186.07 11.57 1 750
752 4 23.85 185.12 10.51 1 751
753 4 27.04 181.67 10.51 1 752
754 4 30.41 180.64 9.51 1 753
755 4 35.89 179.72 9.21 1 754
756 4 38.76 182.59 9.44 1 755
757 4 43.11 180.1 12.45 1 756
758 4 49.13 180.42 13.82 1 757
759 4 53.73 178.85 14.38 1 758
760 4 59.62 181.57 14.71 1 759
761 4 62.36 181.11 14.71 1 760
762 4 65.36 181.27 16 1 761
763 4 68.49 179.32 16 1 762
764 4 72.23 181.49 18.03 1 763
765 4 75.43 178.33 18.23 1 764
766 4 78.14 178.17 20.58 1 765
767 4 80.64 176.8 20.58 1 766
768 4 82.67 178.11 22.09 1 767
769 4 86.88 178.33 23.27 1 768
770 4 88.46 176.91 23.27 1 769
771 4 92 178.6 24.75 1 770
772 4 95.11 176.65 24.72 1 771
773 4 95.8 175.19 24.72 1 772
774 4 98.77 175.94 25.06 1 773
775 4 102.1 175.52 25.07 1 774
776 4 102.7 175.85 26.38 1 775
777 4 103.85 176.8 27.28 1 776
778 4 105.75 175.1 26.38 1 776
779 4 110.62 174.15 26.38 1 778
780 4 112.19 173.02 26.09 1 779
781 4 116.04 174.43 26.09 1 780
782 4 117.98 171.82 28.37 1 781
783 4 120.88 174.08 30.5 1 782
784 4 121.43 175.3 31.98 1 783
785 4 122.39 174.17 31.98 1 784
786 4 122.74 173.27 31.98 1 785
787 4 121.84 173.23 31.98 1 786
788 4 -0.3 193.47 -0.76 1 738
789 4 3.33 199.09 -0.76 1 788
790 4 6.15 204.42 -0.76 1 789
791 4 8.5 201.27 -0.76 1 790
792 4 13.36 204.64 -0.76 1 791
793 4 18.56 203.11 -0.03 1 792
794 4 23.83 206.1 -0.03 1 793
795 4 29.59 205.49 0.29 1 794
796 4 31.21 209.2 -3.69 1 795
797 4 33.6 209.63 -3.7 1 796
798 4 36.4 207.96 -4.03 1 797
799 4 45.4 209.04 -5.95 1 798
800 4 46.75 211.83 -6.63 1 799
801 4 52.85 210.64 -8.82 1 800
802 4 56.77 210.54 -11.04 1 801
803 4 60.51 214.05 -11.04 1 802
804 4 64.71 214.28 -12.65 1 803
805 4 67.27 211.69 -14.38 1 804
806 4 71.52 211.02 -14.37 1 805
807 4 72.45 209.93 -14.38 1 806
808 4 74.54 210.04 -14.38 1 807
809 4 78.38 206.01 -11.93 1 808
810 4 83.35 208.99 -12.26 1 809
811 4 87.38 206.79 -12.26 1 810
812 4 91.32 206.39 -12.27 1 811
813 4 96.08 207.85 -12.27 1 812
814 4 99.19 205.9 -12.27 1 813
815 4 104.71 204.08 -11.76 1 814
816 4 110.7 204.99 -13.19 1 815
817 4 112.71 206.92 -15.17 1 816
818 4 112.65 208.11 -15.36 1 817
819 4 114.15 208.19 -15.36 1 818
820 4 115.59 209.48 -15.36 1 819
821 4 115.88 209.79 -15.36 1 820
822 4 118.27 210.21 -15.36 1 821
823 4 119.49 209.98 -15.36 1 822
824 4 4.15 200.64 -0.76 1 790
825 4 5.42 216.7 -0.53 1 824
826 4 4.87 226.6 0.25 1 825
827 4 2.89 235.56 0.77 1 826
828 4 2.45 238.36 0.18 1 827
829 4 1.05 247.65 0.18 1 828
830 4 2.33 252.24 0.21 1 829
831 4 6.14 265.7 1.25 1 830
832 4 2.08 267.25 2.24 1 831
833 4 -2.1 265.51 2.24 1 832
834 4 -4.54 266.27 2.24 1 833
835 4 -6.66 266.47 3.1 1 834
836 4 -7.08 268.55 2.9 1 835
837 4 -10.94 267.45 3 1 835
838 4 -12.78 267.96 3 1 837
839 4 -16.73 268.65 2.76 1 838
840 4 -20.77 270.85 2.76 1 839
841 4 -24.69 276.68 2.51 1 840
842 4 -29.25 277.35 1.72 1 841
843 4 -32.87 277.46 2.98 1 842
844 4 -36.32 279.69 2.16 1 843
845 4 -39.33 279.84 0.29 1 844
846 4 -43.14 283.56 1.04 1 845
847 4 -48.83 287.81 -0.52 1 846
848 4 -55.98 291.94 -3.65 1 847
849 4 -59.38 293.59 -3.65 1 848
850 4 -60.61 293.83 -3.65 1 849
851 4 -62.13 294.05 -2.51 1 850
852 4 -64.22 293.63 -2.51 1 851
853 4 -67.2 293.19 -1.17 1 852
854 4 -70.22 293.02 -1.17 1 853
855 4 -73.54 293.15 -1.17 1 854
856 4 -76.61 294.19 -1.65 1 855
857 4 -82.93 293.87 -1.87 1 856
858 4 -85.43 295.54 -2.51 1 857
859 4 -87.9 296.61 -2.51 1 858
860 4 -92.23 298.8 -2.76 1 859
861 4 -96.18 299.19 -0.72 1 860
862 4 -100.24 302 -0.72 1 861
863 4 -102.01 301.43 0.01 1 862
864 4 -107.45 301.74 -1.4 1 863
865 4 -108.69 302.56 -1.4 1 864
866 4 -109.96 303.72 -1.09 1 865
867 4 -112.66 303.28 -1.09 1 866
868 4 -115.28 301.63 -0.83 1 867
869 4 -117.35 300.92 -0.83 1 868
870 4 -117.67 301.19 4.4408921e-15 1 869
871 4 -120.06 300.78 4.4408921e-15 1 870
872 4 -122.17 300.67 4.4408921e-15 1 871
873 4 -125.55 302 0.82 1 872
874 4 -128.01 302.78 0.82 1 873
875 4 -129.31 304.52 0.82 1 874
876 4 -129.92 304.78 0.57 1 875
877 4 -129.98 305.69 0.57 1 876
878 4 -130.31 306.27 -0.67 1 877
879 4 9.19 270.57 1.24 1 831
880 4 8.27 282.29 1.5 1 879
881 4 5.87 287.88 4.08 1 880
882 4 5.09 293.59 2.26 1 881
883 4 8.72 298.74 1.57 1 882
884 4 11.52 298.56 0.25 1 883
885 4 9.84 301.49 -2.87 1 884
886 4 10.62 304.24 -3.87 1 885
887 4 14.3 303.23 -5.12 1 886
888 4 17.59 303.4 -5.43 1 887
889 4 19.03 304.99 -5.43 1 888
890 4 18.3 307.37 -7.19 1 889
891 4 4.87 295.19 1.76 1 882
892 4 2.76 301.11 0.32 1 891
893 4 1.9 305.88 2.18 1 892
894 4 2.09 313.75 1.29 1 893
895 4 4.55 326.63 1.63 1 894
896 4 7.84 332.84 6.53 1 895
897 4 8.87 335.92 6.43 1 896
898 4 9.65 346.73 6.43 1 897
899 4 7.09 340.5 6.43 1 898
900 4 5.29 346.44 6.43 1 899
901 4 1.94 352.59 6.43 1 900
902 4 1.72 362.84 6.43 1 901
903 4 3.98 377.23 6.23 1 902
904 4 4.22 384.49 6.23 1 903
905 4 6.87 391.07 5.73 1 904
906 4 5.27 398.83 4.78 1 905
907 4 5.41 407.58 4.37 1 906
908 4 4.06 410.23 4.37 1 907
909 4 4.59 417.2 4.37 1 908
910 4 4.94 422.05 4.37 1 909
911 4 8.41 430.67 4.81 1 910
912 4 9.39 440.58 6.56 1 911
913 4 8.15 446.86 4.53 1 912
914 4 7.39 449.83 4.53 1 913
915 4 7.12 462.31 3.16 1 914
916 4 6.3 466.79 3.2 1 915
917 4 9.08 471.46 3.06 1 916
918 4 10.01 478.16 3.33 1 917
919 4 8.56 488.64 3.69 1 918
920 4 11.07 492.7 3.29 1 919
921 4 9.2 496.93 2.11 1 920
922 4 10.48 501.82 2.11 1 921
923 4 10.23 506.34 2.11 1 922
924 4 10.66 509.67 2.58 1 923
925 4 8.95 513.51 3.08 1 924
926 4 10 528.06 4.28 1 925
927 4 11.12 535.35 4.52 1 926
928 4 9.34 540.7 4.52 1 927
929 4 12.69 545.7 4.47 1 928
930 4 17.65 548.98 5.02 1 929
931 4 19.17 554.49 5.02 1 930
932 4 23.06 558.02 6.23 1 931
933 4 24.06 562.01 6.27 1 932
934 4 27.25 564.59 7.17 1 933
935 4 30.05 568.65 7.23 1 934
936 4 30.75 572.61 7.23 1 935
937 4 33 575.74 7.23 1 936
938 4 32.74 577.56 7.88 1 937
939 4 33.89 584.57 7.88 1 938
940 4 37.2 590.47 7.88 1 939
941 4 37.32 593.77 9.51 1 940
942 4 40.16 596.96 8 1 941
943 4 40.58 600 8 1 942
944 4 41.38 602.15 8 1 943
945 4 42.07 606.13 6.79 1 944
946 4 42.01 613.06 5.81 1 945
947 4 44.97 619.84 5.11 1 946
948 4 43.1 626.09 5.1 1 947
949 4 47.45 629.63 5.1 1 948
950 4 47.88 632.97 3.98 1 949
951 4 50.47 635.52 3.98 1 950
952 4 50.27 639.14 1.96 1 951
953 4 51.37 650.38 0.47 1 952
954 4 51.74 654.62 -0.99 1 953
955 4 53.13 657.1 -2.16 1 954
956 4 52.23 662.49 -3.27 1 955
957 4 53.49 667.08 -3.99 1 956
958 4 51.78 670.91 -4.14 1 957
959 4 53.1 674.6 -5.11 1 958
960 4 52.62 677.89 -6.22 1 959
961 4 55.82 680.17 -6.95 1 960
962 4 55.96 683.2 -7.19 1 961
963 4 55.09 686.08 -7.07 1 962
964 4 54.7 693.61 -7.94 1 963
965 4 53.62 696.87 -7.92 1 964
966 4 54.85 702.07 -8.54 1 965
967 4 56.31 707.09 -8.54 1 966
968 4 54.89 716.67 -8.54 1 967
969 4 57.03 721.9 -8.64 1 968
970 4 57.13 725.65 -8.64 1 969
971 4 59.72 727.89 -9.13 1 970
972 4 61.03 731.89 -12.28 1 971
973 4 63.66 733.24 -13.66 1 972
974 4 63.89 734.75 -13.66 1 973
975 4 66.04 733.97 -13.66 1 974
976 4 67.79 735.26 -14.62 1 975
977 4 71.69 735.46 -15.11 1 976
978 4 72.07 733.98 -15.11 1 977
979 4 74.6 737.43 -15.11 1 977
980 4 76.89 739.96 -15.11 1 979
981 4 77.38 742.1 -15.97 1 980
982 4 83.7 742.75 -17.02 1 981
983 4 89.29 745.45 -18.1 1 982
984 4 91.23 748.57 -19.65 1 983
985 4 95.73 749.12 -20.37 1 984
986 4 100.54 755.1 -21.01 1 985
987 4 103.27 754.94 -21.01 1 986
988 4 105.59 756.56 -21.09 1 987
989 4 106.61 759.95 -21.09 1 988
990 4 109.48 762.81 -22.19 1 989
991 4 109.62 765.24 -22.16 1 990
992 4 111.64 767.17 -22.16 1 991
993 4 111.87 768.38 -22.16 1 992
994 4 113.38 768.46 -22.16 1 993
995 4 114.52 769.73 -23.35 1 994
996 4 114.32 773.34 -24.04 1 995
997 4 114.19 776.04 -24.05 1 996
998 4 114.45 776.66 -24.05 1 997
999 4 116.5 777.97 -24.05 1 998
1000 4 117.92 779.56 -25.4 1 999
1001 4 118.12 781.69 -25.4 1 1000
1002 4 117.18 782.23 -25.4 1 1001
1003 4 116.45 785.84 -24.45 1 1002
1004 4 61.19 741.01 -12.06 1 972
1005 4 61.85 745.87 -13.94 1 1004
1006 4 63.98 745.68 -15.27 1 1005
1007 4 65.75 751.81 -15.26 1 1006
1008 4 68.67 753.78 -15.29 1 1007
1009 4 67.93 756.45 -16.75 1 1008
1010 4 70.68 761.42 -18.13 1 1009
1011 4 73.33 762.76 -19.6 1 1010
1012 4 74.14 764.62 -19.6 1 1011
1013 4 79.04 768.79 -19.5 1 1012
1014 4 80.99 771.92 -18.21 1 1013
1015 4 82.4 773.79 -17.4 1 1014
1016 4 83.29 774.15 -17.4 1 1015
1017 4 82.86 776.55 -15.55 1 1016
1018 4 85.71 779.71 -14.44 1 1017
1019 4 85.18 784.2 -14.44 1 1018
1020 4 84.15 786.57 -14.44 1 1019
1021 4 86.38 789.99 -14.44 1 1020
1022 4 91.08 792.06 -13.05 1 1021
1023 4 91.25 794.77 -13.02 1 1022
1024 4 94.64 799.18 -13.7 1 1023
1025 4 94.3 800.06 -13.7 1 1024
1026 4 93.35 802.45 -13.7 1 1025
1027 4 95.11 803.14 -12.82 1 1026
1028 4 96.15 806.52 -12.82 1 1027
1029 4 97.91 807.51 -11.71 1 1028
1030 4 99.71 807.61 -11.71 1 1029
1031 4 99.79 811.84 -11.71 1 1030
1032 4 101.11 815.52 -10.32 1 1031
1033 4 99.7 819.37 -9.67 1 1032
1034 4 100.63 824.26 -7.9 1 1033
1035 4 102.02 826.46 -7.9 1 1034
1036 4 102.81 828.91 -7.9 1 1035
1037 4 101.8 830.67 -6.63 1 1036
1038 4 100.98 829.12 -7.9 1 1036
1039 4 100.44 827.88 -7.4 1 1038
1040 4 101.02 811.02 -10.87 1 1030
1041 4 106.2 815.82 -9.12 1 1040
1042 4 107.36 816.78 -5.87 1 1041
1043 4 109.76 816.9 -5.87 1 1042
1044 4 110.11 816.02 -5.87 1 1043
1045 4 116.8 815.16 -4.56 1 1044
1046 4 120.59 817.47 -3.69 1 1045
1047 4 3.14 557.34 5.23 1 928
1048 4 4.18 560.41 5.26 1 1047
1049 4 2.23 563.35 5.26 1 1048
1050 4 0.31 571.4 5 1 1049
1051 4 -2.53 573.96 7.19 1 1050
1052 4 -4.98 580.15 8.56 1 1051
1053 4 -4.97 586.41 9.55 1 1052
1054 4 -6.67 589.95 8.78 1 1053
1055 4 -7.8 594.41 8.78 1 1054
1056 4 -7.38 597.76 8.27 1 1055
1057 4 -8.68 605.23 7.24 1 1056
1058 4 -11.42 611.83 7.23 1 1057
1059 4 -11.58 614.82 5.75 1 1058
1060 4 -9.89 617.02 5.69 1 1059
1061 4 -11.85 619.94 4.72 1 1060
1062 4 -10.89 624.51 4.72 1 1061
1063 4 -14.74 629.15 4.72 1 1062
1064 4 -14.59 637.9 3.49 1 1063
1065 4 -12.06 641.37 2.71 1 1064
1066 4 -16.28 646.88 1.96 1 1065
1067 4 -17.27 654.68 0.07 1 1066
1068 4 -16.51 657.43 -0.82 1 1067
1069 4 -18.46 660.05 -0.82 1 1068
1070 4 -20.11 662.98 -1.77 1 1069
1071 4 -20.08 668.1 -3.03 1 1070
1072 4 -21.54 671.46 -3.02 1 1071
1073 4 -20.91 676.63 -3.02 1 1072
1074 4 -21.31 678.4 -4.27 1 1073
1075 4 -19.51 684.24 -4.73 1 1074
1076 4 -20.84 686.58 -5 1 1075
1077 4 -25.51 689.35 -5.71 1 1076
1078 4 -26.76 696.33 -6.63 1 1077
1079 4 -29.1 700.74 -8.12 1 1078
1080 4 -28.41 704.68 -9.04 1 1079
1081 4 -28.91 708.58 -9.62 1 1080
1082 4 -31.72 710.47 -9.62 1 1081
1083 4 -31.81 712.28 -9.62 1 1082
1084 4 -30.15 715.08 -9.62 1 1083
1085 4 -32.8 719.77 -10.58 1 1084
1086 4 -32.1 723.43 -10.68 1 1085
1087 4 -33.13 726.08 -12.17 1 1086
1088 4 -33.69 730.88 -10.72 1 1087
1089 4 -35.56 734.1 -10.42 1 1088
1090 4 -33.94 737.82 -9.98 1 1089
1091 4 -34.66 740.19 -9.98 1 1090
1092 4 -34.59 744.42 -9.98 1 1091
1093 4 -40 749.87 -9.98 1 1092
1094 4 -40.12 752.59 -9.98 1 1093
1095 4 -39.65 755.03 -9.98 1 1094
1096 4 -41.3 757.96 -9.95 1 1095
1097 4 -43.9 761.45 -10.81 1 1096
1098 4 -44.35 764.44 -9.19 1 1097
1099 4 -47.31 768.8 -8.88 1 1098
1100 4 -50.95 769.84 -8.93 1 1099
1101 4 -53.18 772.13 -8.92 1 1100
1102 4 -53.35 775.45 -9.53 1 1101
1103 4 -54.64 776.88 -9.51 1 1102
1104 4 -55.46 781.07 -9.22 1 1103
1105 4 -58.36 784.54 -10.02 1 1104
1106 4 -59.22 789.62 -9.41 1 1105
1107 4 -60.05 794.51 -9.22 1 1106
1108 4 -62.5 795.29 -7.71 1 1107
1109 4 -63.51 797.35 -7.7 1 1108
1110 4 -65.05 797.88 -7.66 1 1109
1111 4 -66.3 804.45 -6.83 1 1110
1112 4 -72.93 810.13 -6.83 1 1111
1113 4 -74.31 818.32 -5.87 1 1112
1114 4 -76.97 817.27 -6.11 1 1113
1115 4 -79.56 820.76 -6.11 1 1114
1116 4 -81.05 826.11 -5.38 1 1115
1117 4 -82.72 829.34 -4.51 1 1116
1118 4 -81.93 832.11 -2.31 1 1117
1119 4 -83.58 834.74 -0.49 1 1118
1120 4 -84.6 836.8 -0.49 1 1119
1121 4 -83.21 839.29 -0.49 1 1120
1122 4 -83.91 841.07 -0.49 1 1121
1123 4 -85.19 842.51 -0.49 1 1122
1124 4 -86.47 843.95 -0.49 1 1123
1125 4 -88.7 851.67 -0.92 1 1124
1126 4 -90.53 856.41 -0.92 1 1125
1127 4 -90.88 863.03 -1.57 1 1126
1128 4 -94.06 866.17 -4.75 1 1127
1129 4 -96.18 866.37 -4.75 1 1128
1130 4 -97.88 870.2 -4.96 1 1129
1131 4 -100.22 871.41 -4.96 1 1130
1132 4 -97.86 872.13 -5.92 1 1131
1133 4 -95.92 869.82 -5.9 1 1132
1134 4 -95.9 869.52 -5.81 1 1133
1135 4 -102.97 872.17 -3.67 1 1131
1136 4 -106.59 871.98 -5.03 1 1135
1137 4 -109.86 870.91 -6.51 1 1136
1138 4 -112.17 868.97 -6.51 1 1137
1139 4 -114.62 869.74 -6.51 1 1138
1140 4 -115.88 870.89 -6.51 1 1139
1141 4 -117.91 869.27 -6.89 1 1140
1142 4 -99.1 866.94 -6.2 1 1129
1143 4 -100.49 870.48 -5.71 1 1142
1144 4 -102.22 869.19 -9.32 1 1143
1145 4 -104.68 869.97 -9.26 1 1144
1146 4 -107.94 868.89 -9.26 1 1145
1147 4 -85.29 845.35 -0.39 1 1124
1148 4 -83.82 846.03 -0.39 1 1147
1149 4 -80.5 834.43 -0.49 1 1119
1150 4 -80.18 834.15 -0.49 1 1149
1151 4 -77.59 816 -6.11 1 1114
1152 4 -78.5 815.95 -6.11 1 1151
1153 4 -75.19 810.39 -6.83 1 1112
1154 4 -75.78 810.06 -6.83 1 1153
1155 4 -64.95 805.2 -6.99 1 1111
1156 4 -64.99 805.8 -6.99 1 1155
1157 4 -61.98 800.23 -7.66 1 1110
1158 4 -61.68 800.23 -7.66 1 1157
1159 4 -35.36 726.59 -12.17 1 1087
1160 4 -34.33 729.97 -12.17 1 1159
1161 4 -36.87 732.55 -12.94 1 1160
1162 4 -37.68 736.43 -13.8 1 1161
1163 4 -40.21 738.71 -13.86 1 1162
1164 4 -40.35 741.41 -14.82 1 1163
1165 4 -43.09 741.87 -15.84 1 1164
1166 4 -45.42 745.97 -17.97 1 1165
1167 4 -47.83 748.58 -17.9 1 1166
1168 4 -48.9 751.55 -19.44 1 1167
1169 4 -52.64 754.07 -19.44 1 1168
1170 4 -52.51 757.39 -19.82 1 1169
1171 4 -52.23 763.44 -20.15 1 1170
1172 4 -54.11 764.85 -19.66 1 1171
1173 4 -57.28 768.32 -20.64 1 1172
1174 4 -57.22 772.84 -20.64 1 1173
1175 4 -63.05 774.96 -22.01 1 1174
1176 4 -64.9 781.5 -21.19 1 1175
1177 4 -67.41 783.47 -20.19 1 1176
1178 4 -68.63 784.34 -20.16 1 1177
1179 4 -71.42 785.7 -20.16 1 1178
1180 4 -76.66 787.84 -20.16 1 1179
1181 4 -78.86 789.84 -19.85 1 1180
1182 4 -82.2 790.26 -20.21 1 1181
1183 4 -84.43 792.25 -20.69 1 1182
1184 4 -92.37 794.25 -21.85 1 1183
1185 4 -94.39 798.37 -20.55 1 1184
1186 4 -96.07 801.61 -20.85 1 1185
1187 4 -97.69 802.03 -20.85 1 1186
1188 4 -98.74 804.7 -20.85 1 1187
1189 4 -101.53 806.06 -20.85 1 1188
1190 4 -102.51 807.82 -20.85 1 1189
1191 4 -104.11 809.24 -20.85 1 1190
1192 4 -105.27 808.58 -20.85 1 1191
1193 4 -105.52 807.67 -20.85 1 1192
1194 4 -98.2 805.93 -20.85 1 1188
1195 4 -97.61 806.27 -20.85 1 1194
1196 4 -93.01 798.97 -21.17 1 1185
1197 4 -93.08 800.17 -21.17 1 1196
1198 4 -79.39 792.14 -20.76 1 1181
1199 4 -79.43 793.04 -20.76 1 1198
1200 4 -77.54 785.9 -20.16 1 1180
1201 4 -77.51 785.3 -20.16 1 1200
1202 4 -52.75 767.29 -18.13 1 1172
1203 4 -52.76 767.59 -18.13 1 1202
1204 4 12.72 480.17 2.55 1 918
1205 4 11.69 482.53 -0.28 1 1204
1206 4 10.62 485.8 -0.23 1 1205
1207 4 10.06 490.6 -0.96 1 1206
1208 4 8.3 495.64 -1.88 1 1207
1209 4 5.32 500.6 -1.87 1 1208
1210 4 7.04 506.45 -1.95 1 1209
1211 4 6.27 509.42 -1.95 1 1210
1212 4 4.65 511.74 -1.64 1 1211
1213 4 3.61 519.83 -3.63 1 1212
1214 4 6.54 527.35 -3.57 1 1213
1215 4 4.23 537.16 -7.03 1 1214
1216 4 -0.24 541.77 -8.96 1 1215
1217 4 -3.98 555.76 -9.76 1 1216
1218 4 -2.87 557.63 -9.76 1 1217
1219 4 -5.3 569.58 -10.62 1 1218
1220 4 -6.97 572.58 -10.62 1 1219
1221 4 -5.07 576.9 -10.62 1 1220
1222 4 -9.16 580.01 -10.62 1 1221
1223 4 -7.55 583.71 -11.9 1 1222
1224 4 -10.81 588.37 -13.15 1 1223
1225 4 -11.23 591.19 -13.05 1 1224
1226 4 -9.25 605.16 -14.02 1 1225
1227 4 -8.26 609.13 -15.47 1 1226
1228 4 -12.87 618.36 -16.75 1 1227
1229 4 -12.82 623.19 -17.36 1 1228
1230 4 -12.35 631.36 -17.34 1 1229
1231 4 -14.64 634.97 -19.05 1 1230
1232 4 -18.38 637.19 -20.5 1 1231
1233 4 -19.16 640.76 -21.26 1 1232
1234 4 -20.54 644 -22.01 1 1233
1235 4 -20.51 649.15 -23.01 1 1234
1236 4 -22.89 654.15 -22.92 1 1235
1237 4 -21.84 657.83 -21.78 1 1236
1238 4 -20.14 660.02 -20.88 1 1237
1239 4 -21.87 664.45 -22.33 1 1238
1240 4 -22.35 667.75 -22.35 1 1239
1241 4 -22.17 670.18 -22.01 1 1240
1242 4 -20.47 672.07 -23.96 1 1241
1243 4 -21.53 675.04 -23.96 1 1242
1244 4 -22.75 677.1 -23.96 1 1243
1245 4 -19.26 679.69 -23.96 1 1244
1246 4 -15.34 679.6 -23.96 1 1245
1247 4 -14.96 678.11 -23.96 1 1246
1248 4 -12.83 677.92 -23.96 1 1247
1249 4 -22.03 680.75 -23.96 1 1244
1250 4 -23.52 680.37 -23.96 1 1249
1251 4 -23.43 684.3 -23.96 1 1250
1252 4 -22.25 684.67 -23.95 1 1251
1253 4 -20.73 684.74 -23.95 1 1252
1254 4 9.04 338.13 6.43 1 898
1255 4 12.86 340.16 5.62 1 1254
1256 4 18.64 344.98 6.98 1 1255
1257 4 24.62 343.18 14.8 1 1256
1258 4 28.05 346.7 16.02 1 1257
1259 4 32.27 346.92 13 1 1258
1260 4 41.21 337.43 8.89 1 1259
1261 4 46.62 337.71 8.78 1 1260
1262 4 48.51 336.3 8.78 1 1261
1263 4 50.07 335.18 8.78 1 1262
1264 4 55.24 334.24 6.98 1 1263
1265 4 62.18 334.31 6.31 1 1264
1266 4 63.14 333.13 5.31 1 1265
1267 4 64.58 334.72 5.52 1 1266
1268 4 62.26 332.69 5.11 1 1266
1269 4 62.06 330.88 5.11 1 1268
1270 4 65.13 329.83 2.52 1 1269
1271 4 66.29 330.79 2.66 1 1270
1272 4 16.87 349.73 8.25 1 1256
1273 4 17.86 353.99 9.73 1 1272
1274 4 22.7 359.37 9.75 1 1273
1275 4 27.06 367.25 9.79 1 1274
1276 4 28.81 380.01 11.22 1 1275
1277 4 31.07 388.09 11.21 1 1276
1278 4 33.53 392.74 11.21 1 1277
1279 4 34.14 409.97 8.84 1 1278
1280 4 37.97 419.1 8.8 1 1279
1281 4 41.31 424.1 9.43 1 1280
1282 4 41.39 428.32 9.43 1 1281
1283 4 43.01 432.04 9.43 1 1282
1284 4 42.74 436.46 10.27 1 1283
1285 4 44.37 439.85 10.27 1 1284
1286 4 45.61 445.04 10.07 1 1285
1287 4 53.1 451.78 8.37 1 1286
1288 4 54.07 455.57 8.38 1 1287
1289 4 53.23 459.75 8.06 1 1288
1290 4 53.85 465.52 8.51 1 1289
1291 4 53.4 468.21 8.39 1 1290
1292 4 56.23 471.67 8.39 1 1291
1293 4 56.4 475.73 8.39 1 1292
1294 4 58.79 487.62 6.69 1 1293
1295 4 62.3 495.64 6.17 1 1294
1296 4 61.61 502.64 5.63 1 1295
1297 4 67.86 515.64 6.8 1 1296
1298 4 68.33 523.13 8.44 1 1297
1299 4 70.26 526.85 8.99 1 1298
1300 4 73.63 537.27 8.99 1 1299
1301 4 74.61 541.07 8.99 1 1300
1302 4 75.82 552.58 8.2 1 1301
1303 4 78.3 562.66 9.38 1 1302
1304 4 82.94 571.66 11.3 1 1303
1305 4 83.32 575.9 11.3 1 1304
1306 4 85.92 578.15 10.1 1 1305
1307 4 85.55 585.06 9.8 1 1306
1308 4 88.15 594.47 8.06 1 1307
1309 4 89.17 597.84 6.04 1 1308
1310 4 89.22 602.66 5.31 1 1309
1311 4 93.08 615.23 7.04 1 1310
1312 4 92.8 618.21 4.55 1 1311
1313 4 92.58 622.13 4.39 1 1312
1314 4 92.14 625.12 3.42 1 1313
1315 4 93.99 630.03 2.76 1 1314
1316 4 93.17 634.23 2.01 1 1315
1317 4 93.08 639.36 2.01 1 1316
1318 4 92.33 642.34 1.71 1 1317
1319 4 93.58 652.98 2.73 1 1318
1320 4 96.66 657.65 0.41 1 1319
1321 4 98.01 662.15 -0.12 1 1320
1322 4 100.83 665.91 -0.39 1 1321
1323 4 101.18 670.76 -1.17 1 1322
1324 4 102.5 674.46 -1.91 1 1323
1325 4 102.34 677.47 -2.64 1 1324
1326 4 102.38 681.82 -3.16 1 1325
1327 4 104.26 692.17 -2.83 1 1326
1328 4 104.84 698.23 -2.75 1 1327
1329 4 101.94 699.73 -4.24 1 1328
1330 4 101.27 706.64 -4.24 1 1329
1331 4 103.73 711.6 -4.39 1 1330
1332 4 102.57 716.36 -4.39 1 1331
1333 4 102.04 720.86 -4.39 1 1332
1334 4 97.92 726.39 -4.39 1 1333
1335 4 99.16 731.59 -4.39 1 1334
1336 4 97.4 736.32 -4.42 1 1335
1337 4 93.95 744.59 -4.42 1 1336
1338 4 96.18 748.63 -4.42 1 1337
1339 4 96.27 752.55 -5.03 1 1338
1340 4 94.3 755.77 -5.25 1 1339
1341 4 96.43 761.01 -6.01 1 1340
1342 4 94.92 766.96 -6.53 1 1341
1343 4 94.33 776.3 -6.53 1 1342
1344 4 92.46 783.13 -6.53 1 1343
1345 4 87.46 792.22 -7.8 1 1344
1346 4 84.11 796.96 -7.8 1 1345
1347 4 84.3 804.81 -11.3 1 1346
1348 4 84.8 806.66 -14.34 1 1347
1349 4 86.15 810.04 -15.21 1 1348
1350 4 88.21 811.06 -15.16 1 1349
1351 4 88.43 812.3 -15.16 1 1350
1352 4 85.86 803.72 -14.82 1 1348
1353 4 86.23 802.53 -14.74 1 1352
1354 4 86.83 802.56 -14.74 1 1353
1355 4 82.68 801.44 -7.86 1 1346
1356 4 84.29 805.14 -11.73 1 1355
1357 4 86.3 806.75 -13.27 1 1356
1358 4 86.33 812.2 -13.29 1 1357
1359 4 84.15 813.58 -13.97 1 1358
1360 4 86.23 814.29 -13.97 1 1359
1361 4 86.52 814.3 -13.97 1 1360
1362 4 83.7 816.27 -13.97 1 1359
1363 4 84.77 818.74 -13.97 1 1362
1364 4 83.05 822.88 -13.29 1 1363
1365 4 83.49 826.21 -11.99 1 1364
1366 4 83.14 827.11 -12.37 1 1365
1367 4 82.79 827.99 -12.32 1 1366
1368 4 80.77 826.38 -12.32 1 1367
1369 4 83.52 831.05 -10.02 1 1367
1370 4 84.33 833.32 -10.02 1 1369
1371 4 82.21 833.2 -10.02 1 1370
1372 4 84.58 833.93 -8.89 1 1370
1373 4 85.07 836.37 -8.84 1 1372
1374 4 83.79 837.81 -8.84 1 1373
1375 4 81.11 837.07 -9.28 1 1372
1376 4 80.54 836.73 -9.28 1 1375
1377 4 76.98 835.35 -9.28 1 1376
1378 4 76.38 835.32 -9.28 1 1377
1379 4 74.57 835.22 -9.66 1 1378
1380 4 73.38 835.15 -7.11 1 1379
1381 4 70.68 834.72 -6.5 1 1380
1382 4 69.68 836.47 -6.5 1 1381
1383 4 67.74 839.08 -6.49 1 1382
1384 4 64.39 839.51 -6.49 1 1383
1385 4 63.1 841.25 -5.93 1 1384
1386 4 60.35 842.01 -7.41 1 1385
1387 4 86.61 789.69 -8 1 1345
1388 4 85.64 791.16 -7.97 1 1387
1389 4 99.41 738.57 -4.32 1 1336
1390 4 99.83 742.21 -4.32 1 1389
1391 4 101.86 743.83 -4.32 1 1390
1392 4 102.42 744.46 -4.84 1 1391
1393 4 103.44 748.13 -6.8 1 1392
1394 4 103.02 750.22 -7.84 1 1393
1395 4 105.02 752.44 -8.38 1 1394
1396 4 107.86 755.6 -9.82 1 1395
1397 4 109.26 757.78 -11.29 1 1396
1398 4 111.27 758.92 -12.47 1 1397
1399 4 111.19 760.42 -12.44 1 1398
1400 4 110.13 763.09 -13.27 1 1399
1401 4 109.35 766.67 -13.55 1 1400
1402 4 107.91 765.37 -13.74 1 1401
1403 4 109.82 769.1 -13.55 1 1401
1404 4 110.92 771.27 -16.74 1 1403
1405 4 110.87 777.9 -17.82 1 1404
1406 4 111.92 782.91 -18.45 1 1405
1407 4 112.1 785.02 -19.33 1 1406
1408 4 109.9 786.72 -20.78 1 1407
1409 4 110.65 789.77 -23.66 1 1408
1410 4 114.13 792.37 -24.56 1 1409
1411 4 114.62 794.51 -24.56 1 1410
1412 4 117.36 794.05 -24.59 1 1411
1413 4 118.21 794.99 -26.96 1 1412
1414 4 118.78 795.62 -26.96 1 1413
1415 4 110.68 783.14 -18.53 1 1407
1416 4 109.77 783.39 -18.53 1 1415
1417 4 113.28 762.47 -13.27 1 1400
1418 4 113.6 762.18 -13.27 1 1417
1419 4 104.87 755.98 -9.82 1 1396
1420 4 103.97 755.94 -8.74 1 1419
1421 4 105.07 705.1 -1.52 1 1328
1422 4 106.14 707.56 -1.52 1 1421
1423 4 111.64 712.08 -1.52 1 1422
1424 4 113.62 714.59 -1.52 1 1423
1425 4 116.21 722.57 -1.52 1 1424
1426 4 119.09 724.34 -1.52 1 1425
1427 4 121.81 729.91 -3.19 1 1426
1428 4 124.53 729.75 -3.63 1 1427
1429 4 127.99 732.94 -4.43 1 1428
1430 4 129.48 733.32 -5.73 1 1429
1431 4 131.91 732.85 -6.97 1 1430
1432 4 131.11 730.99 -6.97 1 1431
1433 4 131.42 730.71 -6.97 1 1432
1434 4 134.22 734.77 -7 1 1431
1435 4 137.51 735.55 -6.27 1 1434
1436 4 139.4 733.85 -7.59 1 1435
1437 4 141.44 735.15 -10.37 1 1436
1438 4 141.56 733.05 -10.37 1 1437
1439 4 141.26 733.04 -10.37 1 1438
1440 4 142.84 737.34 -10.38 1 1437
1441 4 144.9 738.36 -10.86 1 1440
1442 4 148 742.43 -11.64 1 1441
1443 4 153.06 743.62 -12.8 1 1442
1444 4 155.23 748.25 -14.32 1 1443
1445 4 157.11 746.04 -14.11 1 1444
1446 4 157.14 745.43 -14.11 1 1445
1447 4 155.62 751.08 -15.42 1 1444
1448 4 156.77 752.36 -15.6 1 1447
1449 4 159.24 751.27 -14.41 1 1448
1450 4 160.46 751.04 -14.41 1 1449
1451 4 157.86 754.52 -16.76 1 1448
1452 4 158.86 758.49 -17.57 1 1451
1453 4 162.22 757.76 -17.57 1 1452
1454 4 157.75 762.36 -18.76 1 1452
1455 4 159.81 763.37 -20.16 1 1454
1456 4 160.96 764.64 -22.09 1 1455
1457 4 160.51 767.33 -20.91 1 1456
1458 4 164.01 769.15 -21.8 1 1457
1459 4 164.56 770.08 -21.8 1 1458
1460 4 160.93 770.19 -21.05 1 1459
1461 4 165.32 772.84 -21.53 1 1459
1462 4 167.09 773.53 -21.53 1 1461
1463 4 167.39 773.85 -21.53 1 1462
1464 4 168.87 774.23 -21.53 1 1463
1465 4 172.27 778.33 -21.53 1 1464
1466 4 173.62 781.42 -24.3 1 1465
1467 4 173.8 783.84 -25.11 1 1466
1468 4 175.05 782.99 -26.19 1 1467
1469 4 176.6 782.18 -26.19 1 1468
1470 4 176.66 780.96 -26.19 1 1469
1471 4 175.18 780.29 -26.19 1 1468
1472 4 177.63 779.81 -26.19 1 1471
1473 4 173.78 784.14 -25.08 1 1467
1474 4 171.66 784.33 -26.31 1 1473
1475 4 173.39 785.92 -25.85 1 1473
1476 4 173 787.42 -25.85 1 1475
1477 4 173.5 788.47 -25.85 1 1476
1478 4 174.07 789.1 -25.57 1 1477
1479 4 176.31 786.51 -26.64 1 1478
1480 4 176.9 786.84 -26.64 1 1479
1481 4 174.28 790.92 -25.57 1 1478
1482 4 175.12 792.18 -25.57 1 1481
1483 4 175.63 793.71 -25.57 1 1482
1484 4 159.12 769.31 -20.57 1 1457
1485 4 160.45 772.7 -20.57 1 1484
1486 4 160.4 773.61 -22.93 1 1485
1487 4 158.6 773.51 -22.93 1 1486
1488 4 161.73 776.99 -22.93 1 1486
1489 4 162.4 781.55 -24.87 1 1488
1490 4 163.89 781.93 -24.87 1 1489
1491 4 164.48 782.26 -24.2 1 1490
1492 4 162.86 784.29 -24.24 1 1489
1493 4 164.63 784.99 -24.24 1 1492
1494 4 160.96 786.01 -24.24 1 1492
1495 4 162.75 786.39 -24.65 1 1494
1496 4 163.61 787.04 -24.65 1 1495
1497 4 124.17 732.42 -2.42 1 1427
1498 4 130.92 735.78 -2.42 1 1497
1499 4 132.32 737.97 -2.42 1 1498
1500 4 133.36 741.03 -2.43 1 1499
1501 4 136.82 744.23 -2.43 1 1500
1502 4 139.88 743.49 -2.44 1 1501
1503 4 141.92 744.81 -2.44 1 1502
1504 4 141.28 745.68 -2.45 1 1503
1505 4 144.11 749.14 -2.45 1 1504
1506 4 145.28 755.24 -2.98 1 1505
1507 4 150.68 760.15 -2.98 1 1506
1508 4 155.34 763.11 -1.06 1 1507
1509 4 155.51 765.82 1.08 1 1508
1510 4 158.42 767.79 0.32 1 1509
1511 4 157.45 768.96 0.32 1 1510
1512 4 157.74 769.27 0.32 1 1511
1513 4 161.22 771.87 3.24 1 1510
1514 4 165.41 772.38 3.24 1 1513
1515 4 169.67 771.69 1.84 1 1514
1516 4 172.56 773.96 1.86 1 1515
1517 4 174.16 777.97 0.69 1 1516
1518 4 177.21 780.76 4.4 1 1517
1519 4 182.64 780.74 5.15 1 1518
1520 4 181.84 778.88 5.15 1 1519
1521 4 181.27 778.25 5.15 1 1520
1522 4 186.48 782.45 5 1 1519
1523 4 185.8 783.92 5.67 1 1522
1524 4 187.67 782.81 5 1 1522
1525 4 188.05 781.33 5 1 1524
1526 4 188.38 780.74 5 1 1525
1527 4 190.01 784.14 5 1 1524
1528 4 188.9 788.01 6.36 1 1527
1529 4 193.34 784.01 5 1 1527
1530 4 194.66 787.41 6.82 1 1529
1531 4 197.51 790.87 7.2 1 1530
1532 4 201.09 791.36 6.48 1 1531
1533 4 201.94 792.31 5.23 1 1532
1534 4 203.76 792.1 5.23 1 1533
1535 4 205.45 794.6 5.53 1 1534
1536 4 198.57 787.61 9.13 1 1530
1537 4 200.03 788.29 9.13 1 1536
1538 4 203.36 788.47 10.07 1 1537
1539 4 205.81 787.68 9.38 1 1538
1540 4 205.94 791.01 10.89 1 1539
1541 4 207.09 791.97 15.54 1 1540
1542 4 209.68 794.22 15.54 1 1541
1543 4 210.02 793.64 18.05 1 1542
1544 4 212.05 795.25 19.14 1 1543
1545 4 213.7 792.62 16.27 1 1544
1546 4 212.59 790.45 16.26 1 1545
1547 4 210.41 791.85 16.66 1 1546
1548 4 212.41 793.76 18.05 1 1543
1549 4 212.94 795.6 18.05 1 1548
1550 4 216.24 795.77 18.05 1 1549
1551 4 216.49 796.69 17.8 1 1550
1552 4 218.71 794.7 17.8 1 1551
1553 4 218.41 794.68 17.8 1 1552
1554 4 217.32 798.24 17 1 1551
1555 4 215.99 800.58 17.95 1 1554
1556 4 219.37 799.26 19.59 1 1554
1557 4 221.97 799.81 19.59 1 1556
1558 4 222.95 798.66 19.59 1 1557
1559 4 225.91 799.72 19.59 1 1558
1560 4 227.34 801.01 19.93 1 1559
1561 4 229.66 802.63 19.93 1 1560
1562 4 232.22 805.79 18.66 1 1561
1563 4 233.9 802.55 20.69 1 1561
1564 4 234.65 805.31 20.69 1 1563
1565 4 234.93 805.93 20.69 1 1564
1566 4 234.2 802.57 22.33 1 1563
1567 4 231.89 800.63 22.33 1 1566
1568 4 235.37 803.23 22.33 1 1566
1569 4 236.39 806.91 22.93 1 1568
1570 4 238.41 808.53 21.54 1 1569
1571 4 235.36 809.26 22.9 1 1569
1572 4 235.57 811.09 22.9 1 1571
1573 4 237.02 812.07 23.78 1 1572
1574 4 236.34 813.23 23.78 1 1573
1575 4 236.01 814.12 23.78 1 1574
1576 4 234.78 814.37 23.78 1 1575
1577 4 208.34 789.74 9.21 1 1539
1578 4 210.71 790.48 9.21 1 1577
1579 4 211.72 788.43 9.21 1 1578
1580 4 211.45 787.8 9.21 1 1579
1581 4 211.5 792.64 8.76 1 1578
1582 4 213.01 792.4 8.77 1 1581
1583 4 214.58 791.29 8.77 1 1582
1584 4 214.59 790.99 8.77 1 1583
1585 4 214.13 794.28 8.77 1 1582
1586 4 216.83 794.42 8.77 1 1585
1587 4 219.64 792.75 8.41 1 1586
1588 4 221.41 793.46 5.93 1 1587
1589 4 222.7 791.71 5.93 1 1588
1590 4 222.72 791.41 5.94 1 1589
1591 4 224.03 795.1 5.93 1 1588
1592 4 226.2 794 5.89 1 1591
1593 4 230.09 794.81 7.08 1 1592
1594 4 232.49 794.93 7.08 1 1593
1595 4 234.9 795.06 7.08 1 1594
1596 4 237.51 797.01 7.08 1 1595
1597 4 239.61 797.13 7.08 1 1596
1598 4 241.03 799.01 7.04 1 1597
1599 4 243.03 800.92 7.04 1 1598
1600 4 241.39 803.55 8.35 1 1599
1601 4 124.1 735.51 -0.87 1 1497
1602 4 123 739.08 -0.87 1 1601
1603 4 123.47 741.82 -0.49 1 1602
1604 4 124.33 748.19 -1.15 1 1603
1605 4 126.53 752.54 -1.05 1 1604
1606 4 124.92 758.11 0.07 1 1605
1607 4 128.21 764.31 2.92 1 1606
1608 4 130.61 764.43 3.02 1 1607
1609 4 131.22 764.46 3.02 1 1608
1610 4 129.25 767.68 2.6 1 1607
1611 4 132.56 774.7 4.36 1 1610
1612 4 132.14 777.09 4.36 1 1611
1613 4 135.19 782.07 5.04 1 1612
1614 4 136.63 783.36 4.31 1 1613
1615 4 137.06 786.7 3.55 1 1614
1616 4 138.88 786.5 3.55 1 1615
1617 4 137.45 790.65 3.9 1 1615
1618 4 136.57 790.29 3.9 1 1617
1619 4 135.3 791.43 3.9 1 1618
1620 4 138.85 792.82 3.9 1 1617
1621 4 140.36 798.34 3.88 1 1620
1622 4 139.85 803.84 4.06 1 1621
1623 4 137.72 804.04 4.17 1 1622
1624 4 136.24 803.65 4.39 1 1623
1625 4 140.43 804.18 7.12 1 1622
1626 4 140.04 805.97 6.92 1 1625
1627 4 139.07 807.12 6.92 1 1626
1628 4 139.11 806.52 8.06 1 1627
1629 4 137.34 805.52 7.53 1 1628
1630 4 137.22 802.2 11.13 1 1629
1631 4 135.21 800.28 12.46 1 1630
1632 4 133.93 801.73 16.01 1 1631
1633 4 135.26 805.11 16.01 1 1632
1634 4 134.94 805.4 16.01 1 1633
1635 4 133.06 806.51 19.38 1 1632
1636 4 135.08 808.42 19.15 1 1635
1637 4 135.93 809.67 19.15 1 1636
1638 4 132.72 807.39 19.78 1 1635
1639 4 129.47 806.02 16.61 1 1638
1640 4 128.19 807.45 16.75 1 1639
1641 4 127.82 808.95 16.75 1 1640
1642 4 128.39 809.58 12.86 1 1641
1643 4 125.03 810.3 12.86 1 1642
1644 4 124.69 810.9 13.86 1 1643
1645 4 131.73 809.15 21.95 1 1638
1646 4 130.67 812.11 25.05 1 1645
1647 4 130.22 814.81 26.9 1 1646
1648 4 127.47 815.56 27.95 1 1647
1649 4 125.73 820 28.7 1 1648
1650 4 124.5 817.43 28.94 1 1649
1651 4 123.06 816.15 37.31 1 1650
1652 4 120.01 816.89 37.31 1 1651
1653 4 117.52 818.27 36.48 1 1652
1654 4 117.1 820.67 36.32 1 1653
1655 4 118.24 821.93 36.32 1 1654
1656 4 115.74 823.61 35.88 1 1655
1657 4 134.19 811 22.6 1 1645
1658 4 134.72 812.24 22.6 1 1657
1659 4 144.48 804.59 7.12 1 1625
1660 4 145.63 805.56 7.12 1 1659
1661 4 148.34 805.71 7.12 1 1660
1662 4 148.75 803.61 6.06 1 1661
1663 4 149.82 806.39 7.12 1 1661
1664 4 150.21 804.59 7.84 1 1663
1665 4 150.2 804.89 7.84 1 1664
1666 4 149.65 809.39 7.84 1 1665
1667 4 151.48 809.19 7.89 1 1666
1668 4 150.18 810.93 6.52 1 1667
1669 4 154.71 810.87 7.82 1 1667
1670 4 159.25 810.51 4.62 1 1669
1671 4 159.04 808.69 4.62 1 1670
1672 4 161.28 812.11 4.62 1 1670
1673 4 163.64 812.84 4 1 1672
1674 4 151.04 805.85 7.12 1 1663
1675 4 136.29 776.72 1.13 1 1611
1676 4 137.66 779.2 1.13 1 1675
1677 4 139.75 779.61 1.13 1 1676
1678 4 141.2 786.63 0.25 1 1677
1679 4 144.33 790.12 -3.26 1 1678
1680 4 144.25 791.61 -3.26 1 1679
1681 4 147.82 792.7 -3.35 1 1679
1682 4 152.49 795.67 -5.5 1 1681
1683 4 155.02 793.39 -5.5 1 1682
1684 4 155.36 792.8 -5.5 1 1683
1685 4 153.34 796.62 -5.5 1 1682
1686 4 152.66 798.09 -6.36 1 1685
1687 4 152.31 798.98 -6.36 1 1686
1688 4 158.96 798.72 -5.5 1 1685
1689 4 160.36 800.91 -5.45 1 1688
1690 4 161.23 801.56 -7.28 1 1689
1691 4 159.87 804.5 -6.73 1 1690
1692 4 157.85 802.58 -6.73 1 1691
1693 4 157.02 801.33 -6.74 1 1692
1694 4 164.51 802.33 -8.3 1 1690
1695 4 164.71 804.16 -8.3 1 1694
1696 4 166.6 802.44 -8.3 1 1695
1697 4 167.23 802.18 -8.3 1 1696
1698 4 166.07 806.94 -8.98 1 1695
1699 4 165.36 809.02 -9.48 1 1698
1700 4 169.6 808.64 -8.98 1 1698
1701 4 174.03 810.36 -8.98 1 1700
1702 4 177.68 809.96 -10.54 1 1701
1703 4 177.38 809.95 -10.54 1 1702
1704 4 178.4 807.58 -10.54 1 1703
1705 4 177.56 806.64 -10.54 1 1704
1706 4 182.98 812.35 -10.92 1 1703
1707 4 186.98 811.04 -13.74 1 1706
1708 4 189.17 809.35 -13.74 1 1707
1709 4 192.65 810.8 -14.1 1 1708
1710 4 190.68 814.01 -12.65 1 1709
1711 4 192.78 814.11 -12.65 1 1710
1712 4 193.94 815.09 -12.65 1 1711
1713 4 194.22 815.4 -12.65 1 1712
1714 4 195.78 808.54 -15.78 1 1709
1715 4 198.8 808.7 -15.8 1 1714
1716 4 201.27 807.63 -16.71 1 1715
1717 4 203.65 808.36 -16.69 1 1716
1718 4 206.34 808.5 -17.16 1 1717
1719 4 206.97 807.93 -15.54 1 1718
1720 4 207.7 805.86 -15.54 1 1719
1721 4 209.91 809.58 -15.29 1 1719
1722 4 212.64 814.86 -17.76 1 1721
