# id type x y z radius parent
1 1 0 0 0 1 -1
2 4 -1.77 15.14 -11.47 1 1
3 4 -1.93 27.82 -16.16 1 2
4 4 -2.67 31.12 -16.16 1 3
5 4 -1.67 44.96 -12.77 1 4
6 4 1.45 59.92 -5.45 1 5
7 4 -0.35 76.5 -5.45 1 6
8 4 1.27 85.04 2.15 1 7
9 4 3.32 95.5 2.15 1 8
10 4 7.16 107.28 -3.51 1 9
11 4 8.56 123.25 1.3 1 10
12 4 5.04 142.89 9.29 1 11
13 4 4.78 147.81 10.51 1 12
14 4 6.82 154.57 11.31 1 13
15 4 3.35 168.15 11.64 1 14
16 4 1.76 176.42 12.19 1 15
17 4 5.78 182.37 12.19 1 16
18 4 9.87 187.39 12.17 1 17
19 4 13.61 195.53 10.85 1 18
20 4 19.48 201.53 10.85 1 19
21 4 17.77 206.36 10.85 1 20
22 4 13.78 214.17 10.85 1 21
23 4 13.74 222 12.4 1 22
24 4 19.03 231.01 12.4 1 23
25 4 24.34 242.42 12.4 1 24
26 4 27.53 254.9 12.4 1 25
27 4 35.76 261.99 12.4 1 26
28 4 34.6 290.96 22.44 1 27
29 4 40.11 301.66 20.49 1 28
30 4 53.9 310.79 21.94 1 29
31 4 58.59 316.71 19.63 1 30
32 4 62.51 319.02 19.66 1 31
33 4 70.54 330.94 20.49 1 32
34 4 74.59 333.76 20.49 1 33
35 4 73.44 356.51 18.76 1 34
36 4 79.67 361.23 18.76 1 35
37 4 83.31 374.24 18.76 1 36
38 4 89.05 386.16 18.76 1 37
39 4 87.05 392.42 18.76 1 38
40 4 84.84 396.05 18.76 1 39
41 4 85.77 402.35 18.76 1 40
42 4 92.43 407.46 18.76 1 41
43 4 93.08 411.33 18.76 1 42
44 4 91.35 418.36 18.76 1 43
45 4 92.27 424.65 18.38 1 44
46 4 86.37 429.33 21.75 1 45
47 4 90.8 432.77 21.75 1 46
48 4 93.96 444.58 21.75 1 47
49 4 94.09 459.69 21.75 1 48
50 4 91.1 470.41 29.56 1 49
51 4 96.04 482.65 29.56 1 50
52 4 95.18 489.19 28.23 1 51
53 4 96.55 493.69 28.23 1 52
54 4 91.77 497.23 28.23 1 53
55 4 91.59 500.74 31.47 1 54
56 4 95.83 503.86 31.45 1 55
57 4 94.13 517.01 28.8 1 56
58 4 89.8 521.07 28.76 1 57
59 4 89.99 530.64 28.74 1 58
60 4 93.05 538.03 37.09 1 59
61 4 91.08 543.42 37.05 1 60
62 4 92.6 546.01 37.05 1 61
63 4 90.1 555.75 37.56 1 62
64 4 85.06 569.33 37.56 1 63
65 4 91.33 574.61 44.73 1 64
66 4 94.15 578.75 44.73 1 65
67 4 93.4 583.47 44.73 1 66
68 4 90.24 587.05 44.73 1 67
69 4 88.76 591.33 44.73 1 68
70 4 89.21 598.72 44.73 1 69
71 4 84.99 604.79 44.73 1 70
72 4 86.27 607.95 44.73 1 71
73 4 92.61 614.57 44.73 1 72
74 4 92.35 619.05 44.73 1 73
75 4 90.83 622.66 47.07 1 74
76 4 91.68 632.08 51.18 1 75
77 4 87.83 639.61 51.18 1 76
78 4 87.55 648 51.18 1 77
79 4 90.76 650.88 51.18 1 78
80 4 90.46 656.99 51.18 1 79
81 4 90.48 663.87 58.52 1 80
82 4 86.83 670.17 58.5 1 81
83 4 84.17 673.53 58.5 1 82
84 4 84.82 677.4 58.5 1 83
85 4 89.77 683.43 58.48 1 84
86 4 88.29 687.71 58.48 1 85
87 4 84.39 692.28 58.12 1 86
88 4 83.88 695.46 58.12 1 87
89 4 87.15 700.11 58.12 1 88
90 4 90.65 706.51 56.2 1 89
91 4 89.3 717.39 56.21 1 90
92 4 90.46 728.91 57.68 1 91
93 4 87.56 738.81 57.68 1 92
94 4 88.77 742.07 57.68 1 93
95 4 94.48 747.11 57.68 1 94
96 4 93.46 750.28 57.68 1 95
97 4 87.74 756.03 57.68 1 96
98 4 86.14 760.59 57.68 1 97
99 4 87.67 766.16 57.68 1 98
100 4 92.35 769.78 57.68 1 99
101 4 92.89 773.93 57.68 1 100
102 4 87.54 785.74 57.68 1 101
103 4 86.61 790.15 57.68 1 102
104 4 88.99 793.78 57.68 1 103
105 4 93.79 797.13 57.68 1 104
106 4 93.8 801.71 61.36 1 105
107 4 88.87 807.15 61.36 1 106
108 4 87.39 811.34 65.32 1 107
109 4 96.41 826.3 68.03 1 108
110 4 96.51 827.21 69.57 1 109
111 4 93.85 836.55 69.59 1 110
112 4 90.96 840.24 68.05 1 111
113 4 87.14 843.85 66.85 1 112
114 4 86.17 847.69 67.17 1 113
115 4 87.42 852.47 67.17 1 114
116 4 90.04 855.54 67.13 1 115
117 4 89.98 858.72 67.13 1 116
118 4 92.21 864.25 67.13 1 117
119 4 91.08 867.69 67.13 1 118
120 4 89.08 872.4 67.13 1 119
121 4 84.79 876.82 66.98 1 120
122 4 82.46 880.74 66.98 1 121
123 4 85.09 883.82 66.98 1 122
124 4 86.04 886.19 66.98 1 123
125 4 79.96 888.19 69.74 1 124
126 4 79.41 890.25 69.74 1 125
127 4 79.56 896.85 74.47 1 126
128 4 76.01 900.81 69.17 1 127
129 4 75.86 902.71 70.28 1 128
130 4 75.46 905.17 70.26 1 129
131 4 73.42 906.91 70.26 1 130
132 4 70.86 909.1 70.26 1 131
133 4 71.98 911.86 69.23 1 132
134 4 68.85 913.81 75 1 133
135 4 66.89 915.4 78.51 1 134
136 4 65.91 916.95 78.49 1 135
137 4 66.94 918.36 78.47 1 136
138 4 67.18 920.1 78.47 1 137
139 4 65.72 920.46 78.47 1 138
140 4 63.3 920.75 80.11 1 139
141 4 61.72 921.39 84.05 1 140
142 4 60.95 924 83.92 1 141
143 4 60.21 927.29 83.92 1 142
144 4 58.51 928.2 92.07 1 143
145 4 55.43 928.53 92.07 1 144
146 4 54.66 930.4 89.61 1 145
147 4 56.01 932.62 89.61 1 146
148 4 54.74 934.04 89.61 1 147
149 4 53.72 934.92 89.61 1 148
150 4 54.28 937.45 89.61 1 149
151 4 52.04 940.42 97.5 1 150
152 4 49.99 942.17 97.5 1 151
153 4 50.43 944.98 117.16 1 152
154 4 49.38 947.48 117.16 1 153
155 4 44.71 945.08 117.16 1 154
156 4 40.85 945.73 117.16 1 155
157 4 36.97 946.38 122.84 1 156
158 4 34.29 948.83 122.8 1 157
159 4 30.2 946.12 121.41 1 158
160 4 28.22 944.63 121.41 1 159
161 4 76.13 905.96 74.12 1 129
162 4 72.93 908.85 74.12 1 161
163 4 75.27 911.81 76.14 1 162
164 4 74.89 914.26 76.14 1 163
165 4 71.89 915.93 76.14 1 164
166 4 69.87 916.06 76.64 1 165
167 4 71.22 918.27 79.12 1 166
168 4 69.34 922.71 79.12 1 167
169 4 66.58 929.96 81.27 1 168
170 4 65.05 931.26 81.27 1 169
171 4 63.95 935.38 79.84 1 170
172 4 64 938.35 76.39 1 171
173 4 62.66 940.73 76.39 1 172
174 4 60.88 944.14 79.44 1 173
175 4 58.52 945.1 79.36 1 174
176 4 57.86 949.73 79.19 1 175
177 4 57.55 953.53 80.77 1 176
178 4 55.27 955.83 80.77 1 177
179 4 53.21 955.28 80.77 1 178
180 4 51.52 958.49 80.77 1 179
181 4 47.96 956.89 80.77 1 180
182 4 44.29 958.6 77.42 1 181
183 4 77.66 906.18 69.25 1 128
184 4 76.05 908.44 69.25 1 183
185 4 75.66 910.89 69.25 1 184
186 4 77.68 913.06 69.25 1 185
187 4 77.49 916.58 69.25 1 186
188 4 76.12 918.29 69.25 1 187
189 4 76.36 920.02 69.25 1 188
190 4 75.42 922.24 69.25 1 189
191 4 74.25 924.17 69.25 1 190
192 4 71.33 924.89 69.25 1 191
193 4 69.26 930.56 69.25 1 192
194 4 67.4 933.37 69.25 1 193
195 4 66.56 939.23 65.74 1 194
196 4 65.27 944.05 65.76 1 195
197 4 62.9 945.01 65.76 1 196
198 4 66.26 947.09 65.76 1 197
199 4 64.85 948.13 66.62 1 198
200 4 63.87 949.68 66.62 1 199
201 4 64.98 950.15 66.62 1 200
202 4 63.55 951.18 66.62 1 201
203 4 63.52 952.8 67.44 1 202
204 4 62.85 955.13 67.44 1 203
205 4 62.07 957.75 67.44 1 204
206 4 60 957.99 69.8 1 205
207 4 58.81 956.17 69.8 1 206
208 4 58.31 958.9 69.8 1 207
209 4 56.18 961.6 69.76 1 208
210 4 82.18 876.26 63.23 1 121
211 4 81.93 880.72 63.23 1 210
212 4 78.96 880.77 63.23 1 211
213 4 77.68 879.9 63.23 1 212
214 4 76.08 882.16 59.23 1 213
215 4 73.67 882.45 59.23 1 214
216 4 72.42 886.18 55.95 1 215
217 4 71.74 886.22 53.03 1 216
218 4 68.03 884.96 52.79 1 217
219 4 66.37 886.55 51.29 1 218
220 4 64.8 889.48 51.29 1 219
221 4 62.51 891.79 47.53 1 220
222 4 60.39 891.01 39.64 1 221
223 4 57.35 892.01 35.77 1 222
224 4 55.23 894.71 33.2 1 223
225 4 51.23 895.63 27.89 1 224
226 4 50.21 894.21 26.63 1 225
227 4 51.9 893.3 26.63 1 226
228 4 51.96 898.56 23.77 1 225
229 4 50.55 901.88 23.79 1 228
230 4 47.98 904.07 23.79 1 229
231 4 47.99 906.36 23.79 1 230
232 4 49.13 909.92 23.79 1 231
233 4 48.38 910.91 18.95 1 232
234 4 45.97 913.49 18.95 1 233
235 4 45.27 915.16 18.95 1 234
236 4 45.84 917.69 16.06 1 235
237 4 44.9 919.9 16.06 1 236
238 4 45.06 922.59 16.06 1 237
239 4 48.27 924.28 12.99 1 238
240 4 47.26 929.74 12.97 1 239
241 4 44.54 930.67 6.78 1 240
242 4 44.23 932.18 6.78 1 241
243 4 42.21 932.3 6.78 1 242
244 4 41.11 934.13 6.78 1 243
245 4 39.14 934.93 2.71 1 244
246 4 39.1 934.26 2.71 1 245
247 4 36.26 936.32 2.71 1 246
248 4 36.14 936.6 -0.94 1 247
249 4 34.81 938.97 -0.94 1 248
250 4 34.52 938.86 -0.94 1 249
251 4 32.87 940.45 -4.52 1 250
252 4 30.74 940.85 -4.01 1 251
253 4 27.53 941.46 -4.01 1 252
254 4 30.74 943.14 -4.01 1 252
255 4 91.21 874 64.03 1 120
256 4 89.99 876.1 64.03 1 255
257 4 93.2 875.49 64.03 1 256
258 4 94.08 876.52 64.03 1 257
259 4 92.74 881.19 62.21 1 258
260 4 93.1 882.66 62.21 1 259
261 4 95.6 883.71 62.21 1 260
262 4 96.64 887.42 62.21 1 261
263 4 94.79 890.25 62.21 1 262
264 4 91.48 893.42 62.21 1 263
265 4 92.64 896.86 60.12 1 264
266 4 92.16 900.16 56.73 1 265
267 4 94.54 901.5 52.1 1 266
268 4 95.73 903.31 52.1 1 267
269 4 95.11 906.32 52.04 1 268
270 4 97.01 906.47 39.6 1 269
271 4 100.33 907.88 36.29 1 270
272 4 102.79 908.27 36.29 1 271
273 4 102.87 911.91 35.91 1 272
274 4 101.38 913.9 35.91 1 273
275 4 101.99 917.1 35.91 1 274
276 4 102.86 920.42 35.91 1 275
277 4 102.24 923.42 35.91 1 276
278 4 101.51 925.75 35.83 1 277
279 4 99.21 925.76 35.83 1 278
280 4 98.86 926.58 35.83 1 279
281 4 102.51 928.79 35.83 1 278
282 4 98.93 936.43 33.43 1 281
283 4 99.21 938.85 33.45 1 282
284 4 100.77 942.12 33.45 1 283
285 4 102.71 942.95 27.35 1 284
286 4 103.51 944.92 27.37 1 285
287 4 101.7 947.56 27.37 1 286
288 4 102.3 950.76 27.37 1 287
289 4 105.66 950.55 27.37 1 288
290 4 106.02 954.3 27.37 1 289
291 4 107.3 955.17 28.19 1 290
292 4 109.39 954.09 28.19 1 291
293 4 109.9 953.65 28.19 1 292
294 4 103.55 957.84 29.98 1 291
295 4 105.89 958.49 37.03 1 294
296 4 104.11 960.37 37.03 1 295
297 4 106.96 960.59 37.03 1 295
298 4 108.54 962.25 35.87 1 297
299 4 107.3 965.97 35.87 1 298
300 4 107.34 966.64 35.87 1 299
301 4 104.36 964.39 37.03 1 297
302 4 100.68 966.11 39.18 1 301
303 4 100.67 969.18 39.62 1 302
304 4 99.06 971.44 39.62 1 303
305 4 96.61 971.05 39.62 1 304
306 4 94.83 972.91 38.97 1 305
307 4 91.55 972.18 38.97 1 306
308 4 89.58 975.26 38.73 1 307
309 4 85.04 978.25 38.73 1 308
310 4 100.76 910.87 35.51 1 271
311 4 103.34 913.27 35.51 1 310
312 4 101.21 915.97 35.51 1 311
313 4 101.7 919.45 35.51 1 312
314 4 104.68 921.69 35.51 1 313
315 4 105.91 924.18 35.51 1 314
316 4 108.45 925.91 35.51 1 315
317 4 110.51 928.75 35.51 1 316
318 4 109.61 931.65 31.6 1 317
319 4 112.19 934.04 21.62 1 318
320 4 110.14 935.8 21.79 1 319
321 4 111.24 935.84 3.73 1 320
322 4 113.46 936.78 3.73 1 321
323 4 113.77 937.57 8.11 1 322
324 4 114.54 938.87 8.11 1 323
325 4 112.05 940.11 8.11 1 324
326 4 111.57 938.92 4.91 1 323
327 4 109.62 938.1 4.91 1 326
328 4 113.51 942.04 4.91 1 326
329 4 112.81 943.7 3.69 1 328
330 4 110.79 943.84 3.69 1 329
331 4 112.5 945.21 -1.28 1 330
332 4 111.12 946.91 -1.28 1 331
333 4 112 947.94 -2.23 1 332
334 4 113.85 947.42 -2.96 1 331
335 4 114.44 948.32 -2.96 1 334
336 4 114.96 950.18 -11.68 1 335
337 4 115.22 951.92 -11.68 1 336
338 4 116.6 952.52 -11.68 1 337
339 4 115.65 954.73 -11.68 1 338
340 4 117.33 957.73 -11.68 1 339
341 4 115.99 960.11 -9.68 1 340
342 4 112.79 949.91 -8.39 1 335
343 4 111.96 951.86 -8.39 1 342
344 4 113.35 952.44 -8.39 1 343
345 4 111.93 953.48 -8.39 1 344
346 4 112.1 956.17 -13.4 1 345
347 4 110.16 957.64 -13.4 1 346
348 4 109.43 960.06 -13.4 1 347
349 4 107.45 960.87 -13.4 1 348
350 4 110.02 963.27 -13.4 1 349
351 4 94.27 858.13 64.31 1 116
352 4 97.84 863.57 64.31 1 351
353 4 98.93 870.25 64.31 1 352
354 4 100.6 870.96 64.31 1 353
355 4 103.24 870.12 64.31 1 354
356 4 109.06 872.6 64.31 1 355
357 4 110.94 876.66 64.31 1 356
358 4 110.6 879.79 65.95 1 357
359 4 111.27 882.04 65.95 1 358
360 4 118.36 885.38 69.59 1 359
361 4 118.65 887.79 69.55 1 360
362 4 117.19 890.45 76.41 1 361
363 4 116.92 895.58 76.41 1 362
364 4 119.31 896.92 76.41 1 363
365 4 121.31 896.8 80.35 1 364
366 4 125.72 900.3 80.26 1 365
367 4 125.06 902.63 80.26 1 366
368 4 125.82 906.23 73.51 1 367
369 4 126.1 908.64 73.51 1 368
370 4 127.73 910.97 73.51 1 369
371 4 127.55 914.49 73.51 1 370
372 4 125.15 917.07 73.17 1 371
373 4 124.33 919.58 73.17 1 372
374 4 127.57 919.64 73.17 1 373
375 4 129.83 921.25 73.17 1 374
376 4 129.05 923.86 73.17 1 375
377 4 127.88 926.65 69.4 1 376
378 4 130.22 929.6 69.4 1 377
379 4 129.6 932.61 69.4 1 378
380 4 133.24 934.81 66.52 1 379
381 4 133.32 936.15 66.52 1 380
382 4 131.07 936.83 63.54 1 381
383 4 129.92 935.69 63.49 1 382
384 4 128.93 934.94 63.49 1 383
385 4 131.91 939.48 61.51 1 382
386 4 132.43 941.34 65.8 1 385
387 4 135.45 942.54 64.16 1 386
388 4 134.84 945.55 64.16 1 387
389 4 138.39 944.1 64.16 1 388
390 4 139.23 946.75 67.25 1 389
391 4 140.47 951.53 67.72 1 390
392 4 144.13 958.33 67.72 1 391
393 4 144.62 961.8 73.59 1 392
394 4 146.04 963.06 75.42 1 393
395 4 148.49 961.16 75.15 1 394
396 4 149.41 962.86 75.15 1 395
397 4 151.34 961.38 75.15 1 396
398 4 152.64 960.63 77.42 1 397
399 4 153.79 961.77 77.38 1 398
400 4 155.65 961.25 77.36 1 399
401 4 161.26 958.07 78.18 1 400
402 4 91.09 848.96 69.53 1 114
403 4 96.71 848.07 69.53 1 402
404 4 99.17 850.75 74.58 1 403
405 4 102.46 851.49 74.58 1 404
406 4 105.62 850.21 74.58 1 405
407 4 112.07 851.97 78.75 1 406
408 4 113.25 851.49 86.39 1 407
409 4 112.98 853.66 86.39 1 408
410 4 117.3 855.83 86.39 1 409
411 4 121.09 853.83 86.39 1 410
412 4 120.94 855.74 95.44 1 411
413 4 123.11 856.01 95.44 1 412
414 4 125.21 857.22 95.44 1 413
415 4 127.7 855.99 100.09 1 414
416 4 132.3 858.27 101.75 1 415
417 4 133.69 861.15 101.75 1 416
418 4 137.65 861.85 106.97 1 417
419 4 139.87 865.09 106.97 1 418
420 4 143.75 864.44 106.97 1 419
421 4 147.35 865.97 105.9 1 420
422 4 147.91 869.94 105.18 1 421
423 4 150.72 871.79 105.18 1 422
424 4 151.49 875.39 103.75 1 423
425 4 153.07 877.04 103.75 1 424
426 4 155.36 877.04 103.77 1 425
427 4 156.76 879.91 103.81 1 426
428 4 158.51 881.96 107.52 1 427
429 4 160.16 880.37 107.5 1 428
430 4 161.95 883.1 107.5 1 429
431 4 162.09 887.41 107.5 1 430
432 4 165.34 889.78 107.5 1 431
433 4 166.34 895.11 107.5 1 432
434 4 171.31 896.48 107.41 1 433
435 4 174.4 898.45 107.41 1 434
436 4 175.35 900.81 107.41 1 435
437 4 174.01 900.9 107.41 1 436
438 4 173.06 900.82 107.41 1 437
439 4 175.4 903.78 107.41 1 436
440 4 177.93 903.22 107.41 1 439
441 4 180.71 904.4 107.41 1 440
442 4 180.92 904.7 108 1 441
443 4 182.54 904.73 108 1 442
444 4 183.1 904.97 108 1 443
445 4 186.46 904.76 107.96 1 444
446 4 186.98 904.32 107.94 1 445
447 4 180.9 908.62 108.68 1 442
448 4 182.83 909.43 108.61 1 447
449 4 184.11 912.59 108.59 1 448
450 4 186.48 911.64 108.59 1 449
451 4 188.27 914.36 108.59 1 450
452 4 189.62 914.28 108.59 1 451
453 4 190.49 915.3 108.59 1 452
454 4 191.79 914.55 109.5 1 453
455 4 195.24 915.68 109.14 1 454
456 4 196.35 918.45 109.12 1 455
457 4 200.47 919.54 109.1 1 456
458 4 201.38 921.24 109.1 1 457
459 4 204.28 922.14 112.84 1 458
460 4 202.66 924.4 112.84 1 459
461 4 205.27 925.17 112.84 1 460
462 4 207.88 925.96 112.8 1 461
463 4 208.96 928.05 112.8 1 462
464 4 212.6 927.96 114.39 1 463
465 4 214.5 928.11 114.39 1 464
466 4 215.57 930.21 114.39 1 465
467 4 212.46 932.15 114.39 1 466
468 4 98.43 828.06 65.59 1 110
469 4 99.55 830.83 65.59 1 468
470 4 103.29 828.17 65.59 1 469
471 4 105.93 827.32 65.59 1 470
472 4 111.37 827.66 65.59 1 471
473 4 114.12 835.05 65.59 1 472
474 4 115.11 835.79 66.54 1 473
475 4 121.15 835.42 66.54 1 474
476 4 126.52 841.3 66.52 1 475
477 4 133 841.43 66.52 1 476
478 4 136.33 845.14 66.5 1 477
479 4 141.8 846.15 66.5 1 478
480 4 146.34 845.46 66.5 1 479
481 4 147.34 846.2 66.5 1 480
482 4 148.62 851.66 65.3 1 481
483 4 150.4 852.09 65.3 1 482
484 4 156.89 852.23 65.3 1 483
485 4 159.02 853.24 60.93 1 484
486 4 161.32 855.53 60.9 1 485
487 4 166.59 857.76 60.9 1 486
488 4 168.73 859.65 60.9 1 487
489 4 173.08 860.2 58.35 1 488
490 4 173.61 864.35 58.35 1 489
491 4 176.58 864.3 58.35 1 490
492 4 179.4 868.44 58.35 1 491
493 4 177.75 872.32 54.96 1 492
494 4 177.83 873.67 54.96 1 493
495 4 187.82 880.19 54.96 1 494
496 4 187.8 886.4 54.98 1 495
497 4 187.54 888.39 59.53 1 496
498 4 187.62 889.74 59.45 1 497
499 4 191.11 891.55 59.45 1 498
500 4 190.89 896.68 61.29 1 499
501 4 189.4 898.67 61.29 1 500
502 4 190.91 903.57 65.46 1 501
503 4 196.02 903.11 63.49 1 502
504 4 202.75 907.29 57.13 1 503
505 4 204.69 910.4 57.13 1 504
506 4 207 912.68 57.13 1 505
507 4 210.22 916.67 59.45 1 506
508 4 208.62 923.21 58.25 1 507
509 4 208.15 926.61 57.96 1 508
510 4 209.5 928.82 57.93 1 509
511 4 210.66 929.96 57.93 1 510
512 4 210.11 932.02 57.93 1 511
513 4 212.13 934.2 57.91 1 512
514 4 211.82 935.69 57.89 1 513
515 4 215.94 936.79 57.89 1 514
516 4 217.88 937.62 53.59 1 515
517 4 215.28 939.12 53.57 1 516
518 4 217.37 938.05 53.59 1 516
519 4 220.97 939.58 52.1 1 518
520 4 217.81 940.86 47.78 1 518
521 4 215.3 941.99 47.78 1 520
522 4 217.94 945.75 48.48 1 521
523 4 216.3 947.34 48.48 1 522
524 4 218.16 949.1 38.69 1 523
525 4 217.73 950.88 38.69 1 524
526 4 219.36 953.21 40 1 525
527 4 219.44 954.56 40 1 526
528 4 218.11 954.65 40 1 527
529 4 218.15 955.31 39.98 1 528
530 4 219.78 946.84 45.72 1 522
531 4 221.6 947.94 45.72 1 530
532 4 222.24 949.52 45.72 1 531
533 4 222.4 949.92 45.7 1 532
534 4 96.67 826.55 72.41 1 109
535 4 38.17 304.84 15.84 1 29
536 4 35.94 312.41 15.84 1 535
537 4 37.19 317.18 18.72 1 536
538 4 38.07 322.79 20.86 1 537
539 4 34.83 328.1 20.7 1 538
540 4 37.61 333.85 21.2 1 539
541 4 35.29 340.08 21.2 1 540
542 4 35.8 348.14 21.2 1 541
543 4 32.26 352.54 27.64 1 542
544 4 32.95 367.88 29.28 1 543
545 4 35.15 371.89 34.08 1 544
546 4 39.52 377.01 33.93 1 545
547 4 37.95 379.95 33.93 1 546
548 4 36.46 384.23 33.93 1 547
549 4 30.86 389.71 34.33 1 548
550 4 30.34 395.5 33.13 1 549
551 4 31.43 402.18 33.16 1 550
552 4 35.41 409.76 33.16 1 551
553 4 33.57 414.86 33.16 1 552
554 4 31.88 421.79 33.16 1 553
555 4 30 426.24 33.16 1 554
556 4 30.45 431.33 33.16 1 555
557 4 33.01 437.66 35.01 1 556
558 4 32.64 443.83 40.04 1 557
559 4 33.64 449.18 50.42 1 558
560 4 31.27 452.43 50.43 1 559
561 4 32.08 454.4 50.46 1 560
562 4 28.34 459.36 39.72 1 561
563 4 25.75 460.78 39.72 1 562
564 4 25.34 469.44 39.72 1 563
565 4 28.21 474.26 45.64 1 564
566 4 25.47 479.11 40.78 1 565
567 4 27.85 482.74 43.72 1 566
568 4 27.24 485.75 43.72 1 567
569 4 25.55 491.25 43.72 1 568
570 4 27.45 504.5 47.51 1 569
571 4 31.22 507.32 47.51 1 570
572 4 30.76 510.72 47.51 1 571
573 4 26.1 511.69 50.43 1 572
574 4 24.19 520.03 50.43 1 573
575 4 21.99 523.68 50.43 1 574
576 4 24.45 530.97 50.43 1 575
577 4 30.04 533.99 50.43 1 576
578 4 33.09 537.58 53.32 1 577
579 4 33.15 542.84 53.32 1 578
580 4 29.65 547.24 53.32 1 579
581 4 25.1 558.73 58.39 1 580
582 4 25.94 561.59 58.54 1 581
583 4 29.23 564.62 58.54 1 582
584 4 29.17 570.15 58.54 1 583
585 4 30.61 576 58.54 1 584
586 4 29.57 580.8 61.09 1 585
587 4 30.37 585.06 68.87 1 586
588 4 30.25 587.63 68.87 1 587
589 4 33.19 589.21 62.96 1 588
590 4 32.55 598.43 62.96 1 589
591 4 34.78 603.95 62.96 1 590
592 4 33.5 611.59 67.3 1 591
593 4 28.77 620.26 67.3 1 592
594 4 30.66 626.63 67.8 1 593
595 4 31.75 635.61 67.49 1 594
596 4 36.76 637.85 62.68 1 595
597 4 36.46 639.36 62.68 1 596
598 4 31.8 642.62 68.29 1 597
599 4 34.05 652.73 71.11 1 598
600 4 32.24 656.22 71.11 1 599
601 4 34.41 662.84 70.71 1 600
602 4 32.77 666.73 70.71 1 601
603 4 31.45 673.69 70.71 1 602
604 4 32.13 678.24 70.71 1 603
605 4 29.94 684.09 66.12 1 604
606 4 31.01 686.18 66.12 1 605
607 4 34.54 688.66 66.1 1 606
608 4 32.78 695.11 66.05 1 607
609 4 32.87 698.75 71.53 1 608
610 4 31.35 702.36 71.53 1 609
611 4 30.26 707.91 72.39 1 610
612 4 29.64 710.91 70.56 1 611
613 4 32.62 713.16 70.56 1 612
614 4 30.01 725.46 66.79 1 613
615 4 30.65 728.48 66.81 1 614
616 4 31.82 734.21 66.81 1 615
617 4 31.57 740.98 66.81 1 616
618 4 29.69 745.41 60.68 1 617
619 4 31.75 748.26 62.54 1 618
620 4 32.14 754.43 65.63 1 619
621 4 33.18 760.44 65.63 1 620
622 4 33.69 768.5 68.92 1 621
623 4 31.84 771.33 68.92 1 622
624 4 30.33 773.75 65.84 1 623
625 4 28.95 775.46 65.84 1 624
626 4 29.56 778.66 65.84 1 625
627 4 32.14 781.06 65.84 1 626
628 4 31.92 786.21 69.02 1 627
629 4 33.71 788.93 76.73 1 628
630 4 32.57 792.38 71.19 1 629
631 4 33.83 795.99 71.08 1 630
632 4 32.74 800.11 71.06 1 631
633 4 33.43 804.66 67.82 1 632
634 4 35.65 805.6 67.7 1 633
635 4 38.02 806.93 73.76 1 634
636 4 38.59 809.46 73.59 1 635
637 4 35.73 817.74 70.43 1 636
638 4 35.26 820.28 70.43 1 637
639 4 37.51 824.18 70.43 1 638
640 4 43.62 826.77 76.07 1 639
641 4 43.75 828.79 75.95 1 640
642 4 41.87 835.51 74.43 1 641
643 4 41.12 836.51 71.27 1 642
644 4 42.64 839.11 71.27 1 643
645 4 44.86 844.64 71.27 1 644
646 4 49.06 849.49 73.91 1 645
647 4 51.83 850.66 74.03 1 646
648 4 53.82 856.75 74.03 1 647
649 4 55.03 860.86 74.03 1 648
650 4 52.38 863.99 74.03 1 649
651 4 50.08 872.5 72.22 1 650
652 4 52.52 875.07 75.06 1 651
653 4 51.39 880.81 75.06 1 652
654 4 51.68 883.22 79.1 1 653
655 4 51.8 885.24 79.71 1 654
656 4 51.22 886.63 79.71 1 655
657 4 56.72 888.31 79.71 1 656
658 4 56.97 892.34 79.21 1 657
659 4 59.28 894.63 79.21 1 658
660 4 61.76 906.49 82.81 1 659
661 4 65.01 907.09 82.81 1 660
662 4 65.09 908.43 82.81 1 661
663 4 64.27 912.66 82.81 1 662
664 4 66.46 915.23 86.6 1 663
665 4 64.93 918.83 89.9 1 664
666 4 66.21 921.99 89.9 1 665
667 4 69.69 923.8 90.76 1 666
668 4 70.61 925.49 90.76 1 667
669 4 71.9 924.74 90.74 1 668
670 4 72.28 930.8 92.72 1 669
671 4 74.08 933.52 92.72 1 670
672 4 76.36 935.6 96.66 1 671
673 4 80.24 934.96 96.62 1 672
674 4 82.26 937.12 96.59 1 673
675 4 80.85 940.45 98.78 1 674
676 4 81.96 943.21 101.81 1 675
677 4 84.02 941.46 101.81 1 676
678 4 84.91 944.79 100.91 1 676
679 4 85.74 947.43 100.91 1 678
680 4 87.48 947.19 100.91 1 679
681 4 86.02 952.14 109.52 1 680
682 4 88.21 952.41 117.11 1 681
683 4 87.93 954.59 119.42 1 682
684 4 90.99 955.87 127.11 1 683
685 4 95.58 955.86 127.24 1 684
686 4 95.02 957.92 127.28 1 685
687 4 97.48 958.31 127.3 1 686
688 4 97.81 961.4 128.61 1 687
689 4 92.91 962.91 128.61 1 688
690 4 87.8 964.91 127.16 1 689
691 4 82.3 965.52 127.14 1 690
692 4 49.07 876 77.27 1 651
693 4 50.27 880.11 77.27 1 692
694 4 47.79 883.64 77.27 1 693
695 4 45.35 885.55 77.27 1 694
696 4 43.17 887.58 77.27 1 695
697 4 47.05 897.72 75.48 1 696
698 4 46.05 900.03 75.48 1 697
699 4 41.64 905.03 79.59 1 698
700 4 42.63 908.07 79.59 1 699
701 4 48.57 910.27 78.37 1 700
702 4 44.59 915.78 79.02 1 701
703 4 43.1 917.76 79.02 1 702
704 4 41.02 918.75 79.02 1 703
705 4 42.33 920.29 79.02 1 704
706 4 41.23 922.12 79.02 1 705
707 4 39.85 923.82 79.02 1 706
708 4 46.28 920.99 79.02 1 702
709 4 46.78 924.47 79.76 1 708
710 4 47.55 930.36 79.74 1 709
711 4 52.78 931.92 82.16 1 710
712 4 54.79 934.09 76.39 1 711
713 4 57.48 933.93 76.39 1 712
714 4 55.72 940.38 80.54 1 713
715 4 55.93 943.73 80.54 1 714
716 4 57.74 942.34 80.54 1 715
717 4 61.23 944.15 80.54 1 716
718 4 58.79 948.35 73.95 1 717
719 4 61.96 949.37 73.95 1 718
720 4 64.54 954.08 86.68 1 719
721 4 64.31 956.92 86.68 1 720
722 4 68.51 954.77 86.68 1 721
723 4 69.62 955.24 86.68 1 722
724 4 68.16 957.89 86.68 1 723
725 4 66.27 960.04 86.68 1 724
726 4 70.74 962.59 86.68 1 725
727 4 77.21 966.65 86.68 1 726
728 4 30 754.84 68.56 1 619
729 4 31.91 757.28 68.56 1 728
730 4 32.33 766.3 68.56 1 729
731 4 30.52 769.78 66.33 1 730
732 4 25.99 773.99 60.01 1 731
733 4 25.33 776.32 60.01 1 732
734 4 28.65 777.73 59.96 1 733
735 4 27.39 781.46 59.96 1 734
736 4 24.91 782.69 59.95 1 735
737 4 25.13 788.35 59.93 1 736
738 4 22.77 790.53 59.93 1 737
739 4 22.78 795.12 59.93 1 738
740 4 25.17 796.46 59.93 1 739
741 4 25 798.36 59.93 1 740
742 4 21.61 800.19 59.93 1 741
743 4 21.61 813.28 56.32 1 742
744 4 18.45 816.08 56.07 1 743
745 4 16.09 819.33 56.06 1 744
746 4 12.64 820.49 56.06 1 745
747 4 14.17 827.67 56.06 1 746
748 4 18.73 829.29 56.04 1 747
749 4 22.6 828.64 56.04 1 748
750 4 24.14 829.62 53.34 1 749
751 4 24.47 832.71 53.34 1 750
752 4 29 835.94 48.14 1 751
753 4 28.45 840.29 48.14 1 752
754 4 30.34 841.31 48.35 1 753
755 4 33.47 841.66 48.35 1 754
756 4 34.03 844.19 48.25 1 755
757 4 35.54 844.5 45.87 1 756
758 4 38.78 844.57 42.99 1 757
759 4 39.97 846.39 42.99 1 758
760 4 42.03 846.93 39.7 1 759
761 4 42.63 847.84 39.7 1 760
762 4 41.52 849.66 36.04 1 761
763 4 40.19 852.04 33.83 1 762
764 4 42.68 853.1 30.92 1 763
765 4 44.23 854.08 30.92 1 764
766 4 43.24 855.63 30.97 1 765
767 4 45.1 857.4 27.83 1 766
768 4 44.92 858.63 24.55 1 767
769 4 43.34 859.27 24.55 1 768
770 4 44.42 865.95 20.67 1 769
771 4 46.34 868.4 16.82 1 770
772 4 45.55 871.25 16.86 1 771
773 4 43.06 870.19 16.86 1 772
774 4 43.9 877.42 16.86 1 773
775 4 45.58 878.13 12.3 1 774
776 4 46.97 881.01 11.37 1 775
777 4 48.76 886.03 7.18 1 776
778 4 48.18 887.42 7.14 1 777
779 4 51.7 889.9 4.28 1 778
780 4 51.12 893.58 -0.73 1 779
781 4 53.05 895.83 -0.88 1 780
782 4 52.07 899.66 -2.23 1 781
783 4 54.02 900.49 -2.23 1 782
784 4 54.1 901.84 -2.23 1 783
785 4 52.52 904.77 -2.23 1 784
786 4 62 909.44 -6.44 1 785
787 4 64.21 910.38 -9.23 1 786
788 4 65.3 914.78 -9 1 787
789 4 66.7 919.95 -14.46 1 788
790 4 66.63 923.19 -16.96 1 789
791 4 71.41 923.49 -16.98 1 790
792 4 70.36 928.28 -16.98 1 791
793 4 74.92 932.18 -16.98 1 792
794 4 79.01 937.19 -20.43 1 793
795 4 82.57 935.75 -23.11 1 794
796 4 83.8 938.24 -23.57 1 795
797 4 86.21 940.24 -27 1 796
798 4 86.07 942.15 -21.34 1 797
799 4 88.87 941.7 -22.56 1 798
800 4 90.89 941.57 -22.56 1 799
801 4 93.1 940.22 -22.58 1 800
802 4 87.77 943.53 -26.24 1 797
803 4 86.39 945.23 -26.24 1 802
804 4 88.45 945.78 -26.24 1 803
805 4 89.84 948.66 -26.12 1 804
806 4 93.1 951.02 -33.07 1 805
807 4 95.83 949.23 -32.77 1 806
808 4 15.35 831.59 51.28 1 747
809 4 13.36 832.39 51.28 1 808
810 4 10.97 834.97 51.28 1 809
811 4 12.96 841.06 50.96 1 810
812 4 12.35 844.07 50.96 1 811
813 4 10.97 845.77 50.96 1 812
814 4 10.03 847.99 50.96 1 813
815 4 6.22 850.76 47.32 1 814
816 4 5.17 855.55 47.34 1 815
817 4 7.29 861.36 43.51 1 816
818 4 2.11 865.05 41.18 1 817
819 4 1.95 869.04 41.18 1 818
820 4 3.71 873.38 44.5 1 819
821 4 2.77 875.6 44.46 1 820
822 4 -1.26 878.15 40.56 1 821
823 4 -2.24 881.99 40.14 1 822
824 4 -1.36 885.31 38.35 1 823
825 4 -2.12 887.08 34.86 1 824
826 4 -5.23 891.31 38.69 1 825
827 4 -7.56 892.94 38.65 1 826
828 4 -6.8 896.54 34.42 1 827
829 4 -8.73 898.02 34.48 1 828
830 4 -8.39 894.89 35.28 1 829
831 4 -7.09 891.84 35.28 1 830
832 4 -4.6 890.6 35.26 1 831
833 4 -3.59 887.43 35.26 1 832
834 4 -3.43 885.54 35.24 1 833
835 4 -2.41 884.66 35.24 1 834
836 4 -10.62 900.16 27.52 1 829
837 4 -12.36 900.4 29.83 1 836
838 4 -11.44 902.09 29.83 1 837
839 4 -9.73 902.96 31.85 1 838
840 4 -7.17 903.07 31.85 1 839
841 4 -6.52 906.95 31.85 1 840
842 4 -7.15 907.66 31.85 1 841
843 4 -4.93 908.6 31.85 1 842
844 4 -5.76 910.54 41.07 1 843
845 4 -5.14 916.04 44.59 1 844
846 4 -2.68 918.71 44.59 1 845
847 4 -3.23 920.77 55.4 1 846
848 4 -4.9 917.77 55.4 1 847
849 4 -6.16 916.91 55.4 1 848
850 4 -6.92 915.61 55.4 1 849
851 4 -1.68 921.76 52.48 1 847
852 4 1.76 922.9 52.48 1 851
853 4 2.84 924.99 52.48 1 852
854 4 0.71 927.69 56.04 1 853
855 4 0.68 931.41 59.89 1 854
856 4 3.82 934.04 59.84 1 855
857 4 2.85 940.18 59.59 1 856
858 4 -0.97 943.79 58.81 1 857
859 4 -0.01 946.16 58.81 1 858
860 4 -0.2 949.68 58.81 1 859
861 4 0.6 950.8 58.16 1 860
862 4 -0.46 953.3 58.16 1 861
863 4 1.2 956.3 58.12 1 862
864 4 3.16 959.42 63.99 1 863
865 4 3.34 964.4 64.03 1 864
866 4 4.59 962.97 77.02 1 865
867 4 7.06 965.65 77.02 1 866
868 4 9.27 968.88 77.02 1 867
869 4 11.14 968.37 77.1 1 868
870 4 11.21 967.42 66.71 1 869
871 4 12.28 964.92 66.62 1 870
872 4 14.28 964.79 66.62 1 871
873 4 16.74 965.18 73.46 1 872
874 4 18.72 964.39 73.46 1 873
875 4 23.43 966.38 73.46 1 874
876 4 27.86 965.98 79.78 1 875
877 4 31.13 964.42 79.78 1 876
878 4 33.91 965.59 79.78 1 877
879 4 36.27 964.64 83.82 1 878
880 4 39.32 963.64 83.82 1 879
881 4 13.11 967.56 56.93 1 870
882 4 15.39 967.55 56.92 1 881
883 4 20.39 967.39 61.82 1 882
884 4 22.05 968.09 61.09 1 883
885 4 0.87 937.82 61.28 1 856
886 4 -2.64 939.94 61.28 1 885
887 4 -2.12 941.8 61.28 1 886
888 4 -4.53 944.37 61.28 1 887
889 4 -3.89 945.95 61.28 1 888
890 4 -5.66 950.11 65.23 1 889
891 4 -4.74 951.81 65.13 1 890
892 4 -3.54 953.62 67.46 1 891
893 4 -3.22 956.71 67.46 1 892
894 4 -0.95 960.62 72.07 1 893
895 4 -0.04 962.31 72.07 1 894
896 4 0.87 961.72 72.05 1 895
897 4 -4.75 960.32 62.1 1 893
898 4 -3.6 961.46 63.43 1 897
899 4 -2.84 962.76 63.43 1 898
900 4 -2.21 964.34 62.93 1 899
901 4 -11.01 909.55 31.56 1 839
902 4 -10.18 912.19 26.32 1 901
903 4 -12.43 912.87 24.06 1 902
904 4 -16.63 910.44 22.86 1 903
905 4 -17.34 912.11 18.8 1 904
906 4 -16.57 915.69 19.56 1 905
907 4 -17 917.48 13.79 1 906
908 4 -15.1 915.34 13.79 1 907
909 4 -14.73 912.88 15.1 1 908
910 4 -14.76 912.21 15.1 1 909
911 4 -19.87 921.17 5.77 1 907
912 4 -20.06 924.69 4.07 1 911
913 4 -20.36 926.19 -0.14 1 912
914 4 -23.41 927.2 -0.96 1 913
915 4 -24.22 931.43 -3.66 1 914
916 4 -27.9 930.84 -6.33 1 915
917 4 -29.8 932.99 -9.34 1 916
918 4 -31.72 936.75 -6.54 1 917
919 4 -34.48 937.87 -7.91 1 918
920 4 -33.9 938.78 -8.86 1 919
921 4 -31.32 938.89 -8.86 1 920
922 4 -32.61 941.94 -12.9 1 921
923 4 -32.61 944.23 -12.9 1 922
924 4 -34.26 945.82 -12.9 1 923
925 4 -34.78 946.26 -12.9 1 924
926 4 -28.25 947.06 -11.21 1 923
927 4 -27.29 949.44 -19.61 1 926
928 4 -27.94 956.36 -21.34 1 927
929 4 -26.75 958.18 -21.8 1 928
930 4 -27.69 960.4 -26.12 1 929
931 4 -28.38 959.9 -26.12 1 930
932 4 -28.93 959.67 -26.09 1 931
933 4 -28.64 964.37 -26.41 1 930
934 4 -29.98 964.46 -26.41 1 933
935 4 -28.59 967.34 -24.35 1 934
936 4 -29.22 968.05 -24.39 1 935
937 4 -30.9 967.63 -23.23 1 936
938 4 27.97 635.97 76.26 1 595
939 4 26.44 639.58 76.26 1 938
940 4 28.69 649.69 77.1 1 939
941 4 26.45 652.67 77.1 1 940
942 4 20.59 654.12 73.95 1 941
943 4 20 657.05 74.16 1 942
944 4 20.35 662.42 79.31 1 943
945 4 18.57 664.28 79.31 1 944
946 4 17.53 671.37 83.21 1 945
947 4 16.32 675.76 82.47 1 946
948 4 16.02 681.32 82.79 1 947
949 4 17.93 686.07 83.1 1 948
950 4 16.53 691.68 86.58 1 949
951 4 16.61 695.32 91.1 1 950
952 4 15.91 696.98 90.89 1 951
953 4 13.25 699.58 90.89 1 952
954 4 14.05 701.56 90.89 1 953
955 4 14.85 705.83 90.89 1 954
956 4 13.19 707.41 90.89 1 955
957 4 6.21 710.02 90.89 1 956
958 4 7.03 721.16 90.89 1 957
959 4 3.57 726.23 90.89 1 958
960 4 3.98 728.37 90.89 1 959
961 4 7.39 731.12 98.57 1 960
962 4 7.75 734.88 98.57 1 961
963 4 6.5 738.6 98.57 1 962
964 4 3.91 744.7 98.47 1 963
965 4 3.3 747.61 98.36 1 964
966 4 -0.49 749.61 98.36 1 965
967 4 -0.88 752.06 98.36 1 966
968 4 3.48 754.89 102.05 1 967
969 4 5.49 763.27 101.2 1 968
970 4 1 769.22 96.78 1 969
971 4 0.18 771.6 96.78 1 970
972 4 1.94 775.94 99.42 1 971
973 4 6.3 778.77 99.42 1 972
974 4 7.93 783.4 99.42 1 973
975 4 4.78 786.97 99.2 1 974
976 4 4.25 791.32 106.68 1 975
977 4 -0.76 797.84 101.31 1 976
978 4 -3.51 801.25 108.15 1 977
979 4 -0.47 811.05 109.94 1 978
980 4 -3.86 816.18 109.94 1 979
981 4 -4.72 819.73 111.61 1 980
982 4 -3.6 822.5 108.26 1 981
983 4 -1.07 824.23 115.2 1 982
984 4 -0.27 828.51 114.99 1 983
985 4 -1.73 837.36 115.73 1 984
986 4 -3.14 841.36 124.04 1 985
987 4 -7.09 842.95 126.57 1 986
988 4 -9.22 843.36 126.04 1 987
989 4 -9.93 845.02 126.04 1 988
990 4 -2.85 856.86 126.04 1 989
991 4 -2.73 858.87 123.94 1 990
992 4 -4.92 860.36 121.41 1 991
993 4 -6.89 861.16 121.41 1 992
994 4 -5.29 867.41 121.41 1 993
995 4 -4.06 867.6 121.41 1 994
996 4 -3.39 867.56 121.41 1 995
997 4 -5.09 868.48 121.41 1 994
998 4 -3.81 869.34 121.41 1 997
999 4 -3.26 869.58 123.3 1 998
1000 4 -5.79 870.14 121.41 1 997
1001 4 -4.33 872.06 121.41 1 1000
1002 4 -4.9 875.75 121.41 1 1001
1003 4 -3.11 878.47 121.41 1 1002
1004 4 -0.77 881.43 119.83 1 1003
1005 4 -1.25 883.75 119.83 1 1004
1006 4 0.85 884.98 119.83 1 1005
1007 4 0.97 886.99 119.83 1 1006
1008 4 3.75 888.17 119.83 1 1007
1009 4 3.2 892.52 114.89 1 1008
1010 4 3.72 894.38 114.89 1 1009
1011 4 5.58 896.15 114.89 1 1010
1012 4 6.93 896.06 114.89 1 1011
1013 4 6.78 897.96 114.89 1 1012
1014 4 6.08 899.63 116.78 1 1013
1015 4 7.75 902.63 116.78 1 1014
1016 4 8.54 904.6 116.78 1 1015
1017 4 7.49 907.1 116.78 1 1016
1018 4 9.78 912.56 116.78 1 1017
1019 4 12.07 912.55 116.78 1 1018
1020 4 12.67 913.46 117.73 1 1019
1021 4 12.08 914.84 117.61 1 1020
1022 4 14.53 917.53 117.61 1 1021
1023 4 13.21 919.91 121.09 1 1022
1024 4 14.83 919.94 121.09 1 1023
1025 4 15.7 920.97 121.09 1 1024
1026 4 17.06 923.18 121.09 1 1025
1027 4 19.46 922.9 121.09 1 1026
1028 4 19.63 925.58 127.3 1 1027
1029 4 22.28 927.04 130.88 1 1028
1030 4 19.81 930.56 130.88 1 1029
1031 4 20.92 931.03 130.88 1 1030
1032 4 24 933 135.09 1 1031
1033 4 25.71 932.09 134.99 1 1032
1034 4 27.1 934.97 134.78 1 1033
1035 4 29.76 938.72 134.67 1 1034
1036 4 21.89 929.49 124.67 1 1029
1037 4 24.11 930.43 124.67 1 1036
1038 4 26.18 930.98 124.67 1 1037
1039 4 30.73 932.58 124.67 1 1038
1040 4 32.91 932.85 124.67 1 1039
1041 4 -3.91 885.48 119.83 1 1005
1042 4 -0.34 890.93 119.83 1 1041
1043 4 -2.7 894.18 126.57 1 1042
1044 4 -2.02 896.43 126.57 1 1043
1045 4 3.8 898.9 126.57 1 1044
1046 4 5.08 902.05 126.57 1 1045
1047 4 1.46 906.74 126.57 1 1046
1048 4 -2.38 908.06 128.99 1 1047
1049 4 -4.19 911.55 121.94 1 1048
1050 4 -2.6 913.2 119.2 1 1049
1051 4 -5.27 920.25 131.51 1 1050
1052 4 -7.03 922.12 132.78 1 1051
1053 4 -9.39 925.17 132.78 1 1052
1054 4 -9.7 926.68 132.78 1 1053
1055 4 -5.6 927.77 132.78 1 1054
1056 4 -6.61 930.93 127.3 1 1055
1057 4 -7.9 936.28 134.14 1 1056
1058 4 -10.65 939.7 134.14 1 1057
1059 4 -13.52 943.38 134.14 1 1058
1060 4 -18.92 951.46 134.14 1 1059
1061 4 -25.31 954.96 134.14 1 1060
1062 4 -11.83 846.46 131.83 1 988
1063 4 -10.93 848.16 131.83 1 1062
1064 4 -5.41 852.13 131.83 1 1063
1065 4 -6.51 853.96 131.83 1 1064
1066 4 -9.74 856.19 131.83 1 1065
1067 4 -11.39 862.36 136.57 1 1066
1068 4 -14.43 863.36 136.57 1 1067
1069 4 -16.02 864.78 133.72 1 1068
1070 4 -14.34 870.07 141.72 1 1069
1071 4 -20.77 872.9 143.2 1 1070
1072 4 -22.26 877.18 142.56 1 1071
1073 4 -21.06 881.29 142.56 1 1072
1074 4 -18.86 883.01 142.56 1 1073
1075 4 -17.98 886.33 142.56 1 1074
1076 4 -17.13 888.98 142.56 1 1075
1077 4 -18.23 893.09 142.56 1 1076
1078 4 -15.98 894.71 142.56 1 1077
1079 4 -17.16 897.48 142.56 1 1078
1080 4 -14.53 898.27 142.56 1 1079
1081 4 -15.41 899.53 142.56 1 1080
1082 4 -11.92 901.34 150.46 1 1081
1083 4 -10.12 904.06 150.46 1 1082
1084 4 -12.33 907.71 150.46 1 1083
1085 4 -12.01 910.36 145.83 1 1084
1086 4 -9.02 914.9 150.67 1 1085
1087 4 -12.26 917.13 144.77 1 1086
1088 4 -11.58 919.39 144.77 1 1087
1089 4 -9.84 921.44 144.77 1 1088
1090 4 -11.36 925.05 145.83 1 1089
1091 4 -11.39 928.96 142.67 1 1090
1092 4 -11.83 930.65 153.19 1 1091
1093 4 -12.4 934.34 153.19 1 1092
1094 4 -13.02 939.64 153.19 1 1093
1095 4 -16.51 946.33 153.19 1 1094
1096 4 -13.82 948.46 153.19 1 1095
1097 4 -12.55 950.01 153.19 1 1096
1098 4 -22.94 873.13 145.19 1 1071
1099 4 -23.26 874.64 145.19 1 1098
1100 4 -22.96 877.05 145.19 1 1099
1101 4 -25.28 880.97 145.19 1 1100
1102 4 -24.65 882.55 145.19 1 1101
1103 4 -20.69 883.25 145.19 1 1102
1104 4 -21.05 886.38 146.35 1 1103
1105 4 -21.23 889.89 146.35 1 1104
1106 4 -19.84 890.48 159.51 1 1105
1107 4 -16.6 890.55 158.03 1 1106
1108 4 -14.3 892.83 158.03 1 1107
1109 4 -11.88 892.55 158.03 1 1108
1110 4 -9.07 894.4 170.14 1 1109
1111 4 -7.91 897.84 164.77 1 1110
1112 4 -5.96 898.66 164.77 1 1111
1113 4 -5.71 902.69 164.35 1 1112
1114 4 -7.72 904.37 169.61 1 1113
1115 4 -8.24 907.1 163.93 1 1114
1116 4 -10.04 910.58 163.93 1 1115
1117 4 -5.81 911.4 163.93 1 1116
1118 4 -4.69 914.17 183.71 1 1117
1119 4 -8.29 914.93 183.71 1 1118
1120 4 -11.89 915.69 174.98 1 1119
1121 4 -12.82 920.2 192.13 1 1120
1122 4 -13.73 921.59 192.13 1 1121
1123 4 -11.86 925.65 192.13 1 1122
1124 4 -14.38 928.51 192.13 1 1123
1125 4 -16.62 933.78 192.13 1 1124
1126 4 -16.95 941.49 192.13 1 1125
1127 4 -14.44 954.02 192.13 1 1126
1128 4 -24.06 892.67 155.82 1 1106
1129 4 -25.31 896.39 155.82 1 1128
1130 4 -28.54 900.91 152.46 1 1129
1131 4 -35.56 902.83 156.25 1 1130
1132 4 -36.66 906.95 164.66 1 1131
1133 4 -38.44 908.83 168.66 1 1132
1134 4 -40.32 913.26 168.66 1 1133
1135 4 -38.57 917.6 160.14 1 1134
1136 4 -39.22 922.23 160.14 1 1135
1137 4 -42.48 928.38 160.14 1 1136
1138 4 -45.98 935.07 160.14 1 1137
1139 4 -49.21 939.59 160.14 1 1138
1140 4 -4.32 839 115.73 1 985
1141 4 -10.85 840.48 115.73 1 1140
1142 4 -13.24 843.06 115.73 1 1141
1143 4 -13 844.8 115.73 1 1142
1144 4 -11.61 847.68 111.1 1 1143
1145 4 -12.64 848.56 111.1 1 1144
1146 4 -14.61 849.35 111.1 1 1145
1147 4 -15.69 855.76 111.1 1 1146
1148 4 -15.12 859.08 110.04 1 1147
1149 4 -15.86 860.07 105.84 1 1148
1150 4 -21.2 861.08 103.41 1 1149
1151 4 -24.39 863.98 103.41 1 1150
1152 4 -25.13 867.27 103.41 1 1151
1153 4 -26.71 867.9 103.41 1 1152
1154 4 -27.54 869.84 103.41 1 1153
1155 4 -25.11 871.86 103.41 1 1154
1156 4 -24.89 873.39 100.05 1 1155
1157 4 -28.28 877.51 100.05 1 1156
1158 4 -31.59 878.4 100.05 1 1157
1159 4 -33.01 879.44 100.05 1 1158
1160 4 -31.18 882.82 100.05 1 1159
1161 4 -30.18 885.87 100.05 1 1160
1162 4 -31.95 890.03 100.05 1 1161
1163 4 -35.27 893.99 95.94 1 1162
1164 4 -42.56 900.39 95 1 1163
1165 4 -41.99 902.92 91.52 1 1164
1166 4 -42.81 907.15 91.1 1 1165
1167 4 -43.72 909.84 91.1 1 1166
1168 4 -40.76 909.79 91.1 1 1167
1169 4 -38.54 910.73 91.1 1 1168
1170 4 -42.19 919.32 90.68 1 1169
1171 4 -41.31 922.64 90.68 1 1170
1172 4 -44.09 929.97 84.47 1 1171
1173 4 -44.99 934.83 93.73 1 1172
1174 4 -42.96 937.01 93.73 1 1173
1175 4 -42.55 941.43 93.73 1 1174
1176 4 -41.32 943.92 94.05 1 1175
1177 4 -40.4 947.92 94.05 1 1176
1178 4 -38.65 947.67 94.05 1 1177
1179 4 -39.96 948.43 94.05 1 1178
1180 4 -38.64 949.97 94.05 1 1179
1181 4 -39.42 954.87 95.31 1 1180
1182 4 -34.13 957.14 97.73 1 1181
1183 4 -30.62 961.24 97.73 1 1182
1184 4 -25.99 964.19 97.73 1 1183
1185 4 -46.94 931.08 91.73 1 1172
1186 4 -50.23 932.63 91.73 1 1185
1187 4 -49.58 936.5 91.73 1 1186
1188 4 -50.93 938.88 95.21 1 1187
1189 4 -54.51 939.65 95.21 1 1188
1190 4 -55.45 941.87 95.21 1 1189
1191 4 -56.57 941.4 95.21 1 1190
1192 4 -57.85 944.44 95.21 1 1191
1193 4 -61.02 943.42 95.21 1 1192
1194 4 -63.06 945.17 95.21 1 1193
1195 4 -62.98 946.52 95.21 1 1194
1196 4 -63.84 950.09 107.41 1 1195
1197 4 -66.33 951.32 107.41 1 1196
1198 4 -66.52 954.83 107.41 1 1197
1199 4 -70.08 956.27 103.84 1 1198
1200 4 -73.5 959.73 112.04 1 1199
1201 4 -74 964.75 115.2 1 1200
1202 4 -74.38 967.98 107.83 1 1201
1203 4 -78.84 972.31 114.45 1 1202
1204 4 -82.55 973.35 114.25 1 1203
1205 4 24.38 564.6 53.17 1 582
1206 4 23.98 564.75 53.17 1 1205
1207 4 21.18 567.5 53.17 1 1206
1208 4 21.07 567.76 53.17 1 1207
1209 4 17.71 570.28 58.12 1 1208
1210 4 15.66 572.03 58.12 1 1209
1211 4 15.47 573.25 58.12 1 1210
1212 4 13.74 573.49 58.12 1 1211
1213 4 13.42 575 58.12 1 1212
1214 4 13.46 575.67 58.12 1 1213
1215 4 13.63 578.37 59.28 1 1214
1216 4 13.75 578.87 52.75 1 1215
1217 4 12.42 578.96 53.28 1 1216
1218 4 11.78 579.68 53.28 1 1217
1219 4 10.36 580.71 53.28 1 1218
1220 4 10.68 581.5 53.28 1 1219
1221 4 13.36 581.33 54.32 1 1220
1222 4 11.68 582.25 52.75 1 1216
1223 4 9.39 584.55 52.75 1 1222
1224 4 9.67 584.67 55.7 1 1223
1225 4 9.03 585.37 55.7 1 1224
1226 4 9.08 588.35 49.81 1 1225
1227 4 7.74 588.43 49.81 1 1226
1228 4 6.84 589.03 49.81 1 1227
1229 4 7.74 590.72 49.81 1 1228
1230 4 6.45 591.48 49.81 1 1229
1231 4 6.6 591.87 49.81 1 1230
1232 4 5.86 595.16 49.81 1 1231
1233 4 4.76 597.76 49.81 1 1232
1234 4 3.54 599.87 49.81 1 1233
1235 4 4.26 600.5 49.81 1 1234
1236 4 3.54 602.17 49.81 1 1235
1237 4 4.35 604.13 49.81 1 1236
1238 4 2.57 606 49.81 1 1237
1239 4 1.7 607.28 48.54 1 1238
1240 4 1.04 609.61 48.54 1 1239
1241 4 0.93 609.88 48.54 1 1240
1242 4 0.29 610.6 48.54 1 1241
1243 4 -0.69 612.15 48.54 1 1242
1244 4 -0.05 613.73 48.54 1 1243
1245 4 -0.35 613.41 48.54 1 1244
1246 4 -0.27 614.75 48.54 1 1245
1247 4 -0.3 616.37 40.96 1 1246
1248 4 -0.26 617.04 40.96 1 1247
1249 4 23.48 489.92 50.46 1 568
1250 4 19.89 492.97 50.46 1 1249
1251 4 17.44 494.89 43.83 1 1250
1252 4 16.03 498.21 43.83 1 1251
1253 4 11.88 498.74 43.83 1 1252
1254 4 10.99 503.93 49.62 1 1253
1255 4 6.24 504.42 49.62 1 1254
1256 4 6.17 507.67 54.04 1 1255
1257 4 4.83 510.05 54.04 1 1256
1258 4 0.64 512.2 59.82 1 1257
1259 4 -1.61 512.88 59.82 1 1258
1260 4 -2.89 518.22 59.82 1 1259
1261 4 -8.14 523.98 55.71 1 1260
1262 4 -10.63 525.21 55.71 1 1261
1263 4 -11.42 527.82 55.71 1 1262
1264 4 -11.99 531.51 55.71 1 1263
1265 4 -13.77 533.37 52.77 1 1264
1266 4 -16.49 535.16 52.77 1 1265
1267 4 -18.1 535.92 61.4 1 1266
1268 4 -17.46 537.5 55.18 1 1267
1269 4 -19.78 539.12 55.18 1 1268
1270 4 -21.83 540.87 60.67 1 1269
1271 4 -25.34 542.98 63.4 1 1270
1272 4 -29.1 545.65 63.18 1 1271
1273 4 -33.09 544.28 65.09 1 1272
1274 4 -36.45 546.78 64.56 1 1273
1275 4 -37.63 547.26 66.56 1 1274
1276 4 -38.69 547.59 71.08 1 1275
1277 4 21.48 481.57 48.98 1 566
1278 4 17.33 482.1 45.41 1 1277
1279 4 13.78 483.54 42.46 1 1278
1280 4 12.59 484.02 42.77 1 1279
1281 4 11.77 485.95 42.77 1 1280
1282 4 10.07 486.87 42.77 1 1281
1283 4 38.22 304.73 21.95 1 535
1284 4 24.56 230.48 3.67 1 24
1285 4 25.35 227.88 3.67 1 1284
1286 4 22.64 225.74 3.67 1 1285
1287 4 21.3 223.54 3.35 1 1286
1288 4 20.89 221.4 3.35 1 1287
1289 4 26.86 224.27 -9.49 1 1288
1290 4 29.83 221.93 -15.07 1 1289
1291 4 23.73 217.04 -19.8 1 1290
1292 4 19.75 214.05 -26.63 1 1291
1293 4 19.31 211.24 -26.63 1 1292
1294 4 21.75 209.34 -35.38 1 1293
1295 4 19.13 203.96 -38.64 1 1294
1296 4 16.55 201.56 -38.64 1 1295
1297 4 14.58 202.36 -38.64 1 1296
1298 4 26.97 206.32 -35.38 1 1294
1299 4 26.64 203.23 -35.38 1 1298
1300 4 25.34 201.69 -35.38 1 1299
1301 4 23.71 199.36 -35.38 1 1300
1302 4 25.99 197.06 -35.06 1 1301
1303 4 28 196.94 -35.06 1 1302
1304 4 11.17 199.6 7.27 1 19
1305 4 9.95 201.7 16.52 1 1304
1306 4 5.92 204.25 7.48 1 1305
1307 4 5.9 208.16 7.48 1 1306
1308 4 3.25 209 7.48 1 1307
1309 4 0.74 216.44 0.01 1 1308
1310 4 0.88 220.76 0.01 1 1309
1311 4 1.48 223.96 0.01 1 1310
1312 4 -1.28 227.37 -3.57 1 1311
1313 4 0.23 227.69 -3.57 1 1312
1314 4 -1.81 231.72 -9.68 1 1313
1315 4 -1.93 234.29 -9.68 1 1314
1316 4 -3.69 236.17 -9.68 1 1315
1317 4 -3.56 242.76 -5.99 1 1316
1318 4 -1.84 244.28 -5.99 1 1317
1319 4 -3.36 250.18 -5.47 1 1318
1320 4 -5.25 252.32 -6.2 1 1319
1321 4 -6.71 254.98 -5.68 1 1320
1322 4 -6.74 256.6 -5.78 1 1321
1323 4 -8.79 258.35 -3.89 1 1322
1324 4 -8.95 260.25 -3.89 1 1323
1325 4 -9.89 262.47 -9.05 1 1324
1326 4 -0.54 219.64 0.01 1 1309
1327 4 -0.53 221.93 -2.42 1 1326
1328 4 -1.95 222.96 -2.42 1 1327
1329 4 -4.39 227.17 -0.63 1 1328
1330 4 -4.7 228.67 -4.31 1 1329
1331 4 -6.59 230.81 -4.31 1 1330
1332 4 -7.37 233.43 -11.36 1 1331
1333 4 -9.54 235.45 -12.62 1 1332
1334 4 -10.32 238.06 -12.62 1 1333
1335 4 -12.53 239.42 -12.62 1 1334
1336 4 -15.42 240.81 -12.62 1 1335
1337 4 -14.74 243.06 -12.62 1 1336
1338 4 -17.27 243.62 -14.52 1 1337
1339 4 -19.76 244.86 -14.52 1 1338
1340 4 -21.52 246.73 -21.36 1 1339
1341 4 -20.73 248.7 -21.36 1 1340
1342 4 -22.22 250.68 -21.36 1 1341
1343 4 -24.99 251.8 -18.2 1 1342
1344 4 -27.47 253.03 -21.36 1 1343
1345 4 -27.55 253.9 -21.36 1 1344
1346 4 -29.8 254.58 -21.36 1 1345
1347 4 -29.6 255.65 -21.36 1 1346
1348 4 -30.81 257.75 -21.36 1 1347
1349 4 -32.36 259.06 -21.36 1 1348
1350 4 -32.75 259.23 -21.36 1 1349
1351 4 -35.11 262.48 -22.41 1 1350
1352 4 -35.74 263.19 -22.52 1 1351
1353 4 -1.67 220.71 0.01 1 1326
1354 4 -3.89 219.77 0.01 1 1353
1355 4 -8.47 222.08 -0.31 1 1354
1356 4 -9.03 224.14 -1.15 1 1355
1357 4 -12.7 225.85 -4.41 1 1356
1358 4 -15.1 226.13 -3.68 1 1357
1359 4 -16.76 227.72 -3.68 1 1358
1360 4 -18.73 230.82 -8.94 1 1359
1361 4 -21.81 233.43 -8.94 1 1360
1362 4 -24.86 232.14 -8.94 1 1361
1363 4 -28.64 234.13 -14.1 1 1362
1364 4 -30.26 234.1 -14.1 1 1363
1365 4 -30.98 235.76 -14.1 1 1364
1366 4 -32.31 235.84 -14.1 1 1365
1367 4 -34.29 236.64 -14.1 1 1366
1368 4 -35.9 238.9 -12.94 1 1367
1369 4 -36.47 238.67 -12.94 1 1368
1370 4 -35.98 239.85 -12.94 1 1369
1371 4 -36.33 240.69 -12.94 1 1370
1372 4 -37.64 241.44 -12.94 1 1371
1373 4 -40.33 241.61 -13.57 1 1372
1374 4 -44.01 241.03 -13.57 1 1373
1375 4 -45.3 241.78 -12.94 1 1374
1376 4 -45.82 242.22 -12.94 1 1375
1377 4 -47.55 244.76 -12.94 1 1376
1378 4 -48.58 245.63 -12.94 1 1377
1379 4 15.45 186.96 7.01 1 18
1380 4 17.47 189.14 7.01 1 1379
1381 4 21.66 189.28 14.07 1 1380
1382 4 23.02 191.49 14.07 1 1381
1383 4 26.82 191.79 14.07 1 1382
1384 4 30.03 195.77 14.07 1 1383
1385 4 32.17 195.37 14.07 1 1384
1386 4 37.07 196.15 14.7 1 1385
1387 4 43.12 193.47 14.17 1 1386
1388 4 47.19 193.89 14.17 1 1387
1389 4 51.73 193.2 21.33 1 1388
1390 4 55.98 196.32 21.33 1 1389
1391 4 59.62 196.22 21.22 1 1390
1392 4 62.66 197.52 28.9 1 1391
1393 4 64.64 196.72 29.33 1 1392
1394 4 64.55 195.38 29.33 1 1393
1395 4 66.73 195.65 29.33 1 1394
1396 4 67.65 197.34 29.33 1 1395
1397 4 73.35 200.09 31.96 1 1396
1398 4 75.52 201.51 30.17 1 1397
1399 4 76.91 199.8 30.17 1 1398
1400 4 77.62 200.43 30.17 1 1399
1401 4 78.82 202.25 26.17 1 1400
1402 4 81.66 202.48 26.17 1 1401
1403 4 84.67 203.1 26.17 1 1402
1404 4 87.74 200.47 19.33 1 1403
1405 4 88.93 200 19.33 1 1404
1406 4 91.42 198.76 16.8 1 1405
1407 4 93.39 197.96 16.8 1 1406
1408 4 95.96 198.08 10.91 1 1407
1409 4 96.36 200.21 10.91 1 1408
1410 4 98.66 200.2 10.91 1 1409
1411 4 100.91 199.52 10.91 1 1410
1412 4 104.39 199.03 14.49 1 1411
1413 4 107.87 198.55 14.49 1 1412
1414 4 109.88 198.43 14.49 1 1413
1415 4 114.96 199.59 14.49 1 1414
1416 4 116.85 199.75 14.49 1 1415
1417 4 119.22 198.78 11.33 1 1416
1418 4 120.38 198.5 11.33 1 1417
1419 4 118.43 196.81 11.33 1 1418
1420 4 120.69 198.43 11.33 1 1418
1421 4 121 196.92 11.33 1 1420
1422 4 122.98 198.42 11.33 1 1420
1423 4 11.11 155.15 14.47 1 14
1424 4 14 153.75 8.26 1 1423
1425 4 16.5 154.82 8.26 1 1424
1426 4 18.93 159.12 6.99 1 1425
1427 4 21.66 159.62 5.31 1 1426
1428 4 27.11 158.34 -1.74 1 1427
1429 4 28.54 159.59 -1.53 1 1428
1430 4 29.19 163.47 -1.53 1 1429
1431 4 28.25 165.7 -1.53 1 1430
1432 4 31.14 166.59 -1.53 1 1431
1433 4 34.29 165.31 -5 1 1432
1434 4 36.79 166.37 -3.85 1 1433
1435 4 40.75 167.07 -3.85 1 1434
1436 4 47.79 169.74 -5.11 1 1435
1437 4 49.39 173.68 -9.21 1 1436
1438 4 57.64 169.65 -15.11 1 1437
1439 4 60.77 170.01 -15.11 1 1438
1440 4 60.17 169.09 -15.11 1 1439
1441 4 58.49 172.31 -15.11 1 1440
1442 4 60.71 173.25 -20.16 1 1441
1443 4 62.56 172.73 -20.16 1 1442
1444 4 66.99 172.32 -20.16 1 1443
1445 4 80.6 177.9 -27.42 1 1444
1446 4 83.35 183.01 -32.47 1 1445
1447 4 85.17 184.11 -32.47 1 1446
1448 4 91.9 185.98 -38.15 1 1447
1449 4 92.74 188.62 -41.94 1 1448
1450 4 91.57 191.41 -41.94 1 1449
1451 4 94.49 192.97 -43.31 1 1450
1452 4 96.13 195.3 -43.31 1 1451
1453 4 98.18 195.85 -43.31 1 1452
1454 4 99.17 194.3 -43.31 1 1453
1455 4 101.87 196.43 -49.42 1 1454
1456 4 102.42 198.96 -49.52 1 1455
1457 4 2.37 152.56 8.09 1 13
1458 4 -2.1 154.59 7.88 1 1457
1459 4 -5.25 156.81 7.88 1 1458
1460 4 -7.4 161.12 3.14 1 1459
1461 4 -13.66 162.73 5.46 1 1460
1462 4 -17.28 165.12 4.83 1 1461
1463 4 -20.59 168.29 4.72 1 1462
1464 4 -22.83 172.15 6.72 1 1463
1465 4 -36.33 170.03 14.3 1 1464
1466 4 -40.42 175.82 14.3 1 1465
1467 4 -43.51 176.15 14.3 1 1466
1468 4 -46.3 178.89 16.82 1 1467
1469 4 -47.14 181.06 15.77 1 1468
1470 4 -50.14 182.74 12.93 1 1469
1471 4 -52.8 181.28 13.03 1 1470
1472 4 -53.63 183.22 13.03 1 1471
1473 4 -56.98 183.43 10.4 1 1472
1474 4 -61.25 184.23 10.4 1 1473
1475 4 -63.46 185.59 10.4 1 1474
1476 4 -67.42 184.89 10.4 1 1475
1477 4 -70.61 187.79 14.4 1 1476
1478 4 -75.99 188.13 14.19 1 1477
1479 4 -78.23 186.97 14.19 1 1478
1480 4 -79.73 188.95 14.19 1 1479
1481 4 -85.66 191.35 15.34 1 1480
1482 4 -96.01 194.16 8.61 1 1481
1483 4 -98.61 197.97 11.46 1 1482
1484 4 -102.32 199 11.46 1 1483
1485 4 -107.25 196.93 11.46 1 1484
1486 4 -110.33 197.26 11.46 1 1485
1487 4 -114.8 197 11.46 1 1486
1488 4 -116.29 198.97 11.46 1 1487
1489 4 -121.32 198.48 11.46 1 1488
1490 4 -124.24 199.2 9.67 1 1489
1491 4 -128.13 197.56 2.19 1 1490
1492 4 -132.11 198.48 2.3 1 1491
1493 4 12.22 147.26 11.92 1 12
1494 4 15.73 145.15 13.18 1 1493
1495 4 21.23 146.84 9.6 1 1494
1496 4 25.47 147.65 11.81 1 1495
1497 4 27.2 147.4 9.6 1 1496
1498 4 31.09 149.05 15.18 1 1497
1499 4 31.84 150.34 15.18 1 1498
1500 4 34.84 148.68 21.18 1 1499
1501 4 36.94 147.61 21.18 1 1500
1502 4 42.04 149.45 21.18 1 1501
1503 4 43.98 150.27 15.08 1 1502
1504 4 46.63 149.43 15.08 1 1503
1505 4 48.25 149.47 15.08 1 1504
1506 4 51.44 155.07 19.59 1 1505
1507 4 56.98 157.42 17.38 1 1506
1508 4 58.64 158.14 17.38 1 1507
1509 4 59.6 162.8 22.55 1 1508
1510 4 63.8 162.93 22.55 1 1509
1511 4 66.48 167.81 22.55 1 1510
1512 4 70.68 167.96 22.55 1 1511
1513 4 70.61 171.2 28.44 1 1512
1514 4 72.79 171.47 29.18 1 1513
1515 4 72.82 169.84 29.18 1 1514
1516 4 73.61 169.53 29.18 1 1515
1517 4 74.68 171.62 27.6 1 1514
1518 4 75.05 173.08 27.6 1 1517
1519 4 74.86 174.3 27.6 1 1518
1520 4 78.1 174.37 27.81 1 1517
1521 4 78.93 177.02 27.81 1 1520
1522 4 80.8 176.5 27.81 1 1521
1523 4 82.57 176.93 27.81 1 1522
1524 4 83.81 179.42 26.86 1 1523
1525 4 85.32 184.31 29.81 1 1524
1526 4 85.24 185.26 29.81 1 1525
1527 4 86.56 186.8 34.65 1 1526
1528 4 87.37 191.07 34.65 1 1527
1529 4 88.79 192.33 40.54 1 1528
1530 4 91.24 192.72 41.07 1 1529
1531 4 92.29 194.14 41.81 1 1530
1532 4 93.82 195.13 43.6 1 1531
1533 4 96.12 195.12 43.6 1 1532
1534 4 98.77 196.57 43.6 1 1533
1535 4 99.96 198.38 46.86 1 1534
1536 4 101.09 201.15 49.59 1 1535
1537 4 101.48 203.84 50.96 1 1536
1538 4 101.27 205.07 50.96 1 1537
1539 4 29.42 146.83 11.08 1 1497
1540 4 31.91 147.9 11.08 1 1539
1541 4 33.77 147.38 11.08 1 1540
1542 4 36.19 147.1 6.34 1 1541
1543 4 38.28 146.02 6.34 1 1542
1544 4 40.77 147.08 11.5 1 1543
1545 4 43.04 150.99 11.5 1 1544
1546 4 44.31 151.84 28.65 1 1545
1547 4 44.82 151.42 41.49 1 1546
1548 4 46.21 154.29 39.39 1 1547
1549 4 46.53 155.09 39.39 1 1548
1550 4 48.47 155.9 39.39 1 1549
1551 4 50.85 154.95 39.39 1 1550
1552 4 53.78 158.82 39.39 1 1551
1553 4 57.07 159.55 46.02 1 1552
1554 4 57.9 162.2 46.02 1 1553
1555 4 57.4 164.93 50.54 1 1554
1556 4 57.41 167.23 49.91 1 1555
1557 4 58.29 170.54 55.7 1 1556
1558 4 55.57 172.34 55.7 1 1557
1559 4 54.44 178.07 60.32 1 1558
1560 4 55.48 179.49 60.32 1 1559
1561 4 57.06 181.15 60.32 1 1560
1562 4 57.7 182.74 60.32 1 1561
1563 4 58.65 185.23 66.64 1 1562
1564 4 60.86 186.17 66.64 1 1563
1565 4 63.96 188.14 63.7 1 1564
1566 4 65.31 190.34 59.49 1 1565
1567 4 66.81 190.66 59.49 1 1566
1568 4 66.86 193.63 59.49 1 1567
1569 4 68.64 194.06 59.49 1 1568
1570 4 68.14 196.79 59.49 1 1569
1571 4 68.65 196.35 59.49 1 1570
1572 4 72.42 198.27 66.64 1 1571
1573 4 72.26 200.17 66.54 1 1572
1574 4 72.78 202.03 66.54 1 1573
1575 4 75.35 202.14 66.54 1 1574
1576 4 75.71 203.6 69.7 1 1575
1577 4 77.9 206.17 69.7 1 1576
1578 4 77.43 207.27 74.75 1 1577
1579 4 78.18 208.57 74.75 1 1578
1580 4 78.23 209.25 74.75 1 1579
1581 4 78.27 212.21 80.96 1 1580
1582 4 78.37 212.71 85.06 1 1581
1583 4 77.67 214.37 84.74 1 1582
1584 4 16.66 127.31 8.68 1 11
1585 4 18.68 127.19 8.68 1 1584
1586 4 24.98 130.84 8.68 1 1585
1587 4 25.25 133.25 8.68 1 1586
1588 4 28.46 132.65 10.78 1 1587
1589 4 32.85 129.27 7.94 1 1588
1590 4 33.51 129.23 15.2 1 1589
1591 4 35.26 128.99 8.99 1 1590
1592 4 37.08 130.09 8.99 1 1591
1593 4 37.32 131.82 10.05 1 1592
1594 4 39.81 130.59 10.05 1 1593
1595 4 43.22 131.05 5.94 1 1594
1596 4 46.71 135.16 3.1 1 1595
1597 4 49.28 135.26 2.15 1 1596
1598 4 50.63 137.47 -2.9 1 1597
1599 4 53.6 137.43 -2.9 1 1598
1600 4 55.18 139.08 -7 1 1599
1601 4 52.11 141.71 0.15 1 1600
1602 4 48.44 145.71 -5.95 1 1601
1603 4 48.45 148 -5.95 1 1602
1604 4 45.45 149.67 -7.85 1 1603
1605 4 44.87 151.06 -7.85 1 1604
1606 4 47.16 151.05 -7.85 1 1605
1607 4 47.24 152.4 -7.85 1 1606
1608 4 50.78 157.17 -21.32 1 1607
1609 4 48.77 159.59 -21.32 1 1608
1610 4 49.01 161.33 -21.32 1 1609
1611 4 47.07 161.3 -25.53 1 1610
1612 4 46.4 163.62 -25.95 1 1611
1613 4 44.46 162.8 -25.95 1 1612
1614 4 43.79 162.84 -25.95 1 1613
1615 4 47.13 166.56 -29.1 1 1612
1616 4 52.16 169.34 -32.16 1 1615
1617 4 54.33 169.61 -29.1 1 1616
1618 4 35.17 130.72 20.45 1 1590
1619 4 37.36 133.28 20.45 1 1618
1620 4 36.66 134.95 20.45 1 1619
1621 4 35.08 135.58 26.67 1 1620
1622 4 38.36 136.33 30.78 1 1621
1623 4 43.42 135.2 31.72 1 1622
1624 4 47.1 135.78 38.14 1 1623
1625 4 48.92 136.88 38.14 1 1624
1626 4 50.42 134.9 38.14 1 1625
1627 4 53.04 137.98 38.14 1 1626
1628 4 52.77 140.15 44.67 1 1627
1629 4 51.11 139.44 44.67 1 1628
1630 4 50.16 141.66 44.67 1 1629
1631 4 53.29 142.01 52.14 1 1630
1632 4 53.69 144.14 51.29 1 1631
1633 4 58.25 145.75 51.29 1 1632
1634 4 61.5 148.11 56.14 1 1633
1635 4 67.26 145.32 51.51 1 1634
1636 4 66.59 147.65 69.09 1 1635
1637 4 68.18 149.32 63.61 1 1636
1638 4 69.9 152.99 65.4 1 1637
1639 4 70.44 150.93 63.93 1 1637
1640 4 77.77 153.71 63.93 1 1639
1641 4 80.42 155.15 69.72 1 1640
1642 4 -2.5 90.19 4.68 1 8
1643 4 -2.96 93.6 4.68 1 1642
1644 4 -3.75 96.21 4.68 1 1643
1645 4 -5.67 97.68 4.68 1 1644
1646 4 -5.98 101.47 7.1 1 1645
1647 4 -7.28 102.24 15.2 1 1646
1648 4 -11.2 99.91 15.2 1 1647
1649 4 -11.81 96.72 17.09 1 1648
1650 4 -13.41 92.76 10.99 1 1649
1651 4 -19.62 90.44 7.1 1 1650
1652 4 -21.81 87.89 1.84 1 1651
1653 4 -24.26 87.5 1.84 1 1652
1654 4 -30.04 83.41 1.84 1 1653
1655 4 -35.73 85.25 1.84 1 1654
1656 4 -41.66 87.64 -1.32 1 1655
1657 4 -46.37 87.94 6.78 1 1656
1658 4 -47.37 88.94 10.36 1 1657
1659 4 -45.9 90.88 10.36 1 1658
1660 4 -45.26 92.46 10.36 1 1659
1661 4 -45.3 94.08 10.36 1 1660
1662 4 -45.29 96.38 10.36 1 1661
1663 4 -45.05 98.12 17.31 1 1662
1664 4 -45.52 99.22 17.31 1 1663
1665 4 -41.12 100.44 18.67 1 1664
1666 4 -41.6 99.25 18.67 1 1665
1667 4 -8.41 103.53 20.36 1 1647
1668 4 -13.28 101.13 20.36 1 1667
1669 4 -16.7 104.58 20.77 1 1668
1670 4 -20.23 104.39 20.77 1 1669
1671 4 -23.5 108.24 20.57 1 1670
1672 4 -26.86 108.45 18.25 1 1671
1673 4 -26.85 110.75 18.25 1 1672
1674 4 -29.29 112.65 18.25 1 1673
1675 4 -31.86 117.14 18.25 1 1674
1676 4 -35.22 117.9 20.45 1 1675
1677 4 -38.62 119.73 21.62 1 1676
1678 4 -40.75 122.42 21.62 1 1677
1679 4 -42.71 125.52 23.62 1 1678
1680 4 -40.35 133.06 34.99 1 1679
1681 4 -42.35 140.07 40.14 1 1680
1682 4 -44.46 145.06 40.04 1 1681
1683 4 -46.94 148.59 45.41 1 1682
1684 4 -50.02 148.92 45.41 1 1683
1685 4 -52.32 151.22 49.51 1 1684
1686 4 -57.83 153.46 47.2 1 1685
1687 4 -60.72 154.84 43.09 1 1686
1688 4 -61.34 158.97 43.83 1 1687
1689 4 -60.61 161.89 43.83 1 1688
1690 4 -60.01 165.09 42.04 1 1689
1691 4 -19.98 109.91 26.04 1 1671
1692 4 -9.94 104.02 23.31 1 1667
1693 4 -13.11 103.01 23.31 1 1692
1694 4 -13.03 104.35 23.31 1 1693
1695 4 -11.95 106.44 23.31 1 1694
1696 4 -13.09 107.59 23.31 1 1695
1697 4 -15.55 109.5 22.04 1 1696
1698 4 -13.44 113.02 22.04 1 1697
1699 4 -13.59 114.91 25.62 1 1698
1700 4 -16.26 117.38 24.67 1 1699
1701 4 -20.45 119.53 26.67 1 1700
1702 4 -21.87 122.85 26.67 1 1701
1703 4 -24.86 124.53 26.67 1 1702
1704 4 -24.56 129.23 35.83 1 1703
1705 4 -25.74 131.15 37.3 1 1704
1706 4 -23.68 134 41.83 1 1705
1707 4 -23.5 136.69 52.14 1 1706
1708 4 -22.91 139.89 51.93 1 1707
1709 4 -22.06 142.53 51.93 1 1708
1710 4 -20.48 146.48 51.93 1 1709
1711 4 -20.78 147.99 51.93 1 1710
1712 4 -19.23 151.26 51.93 1 1711
1713 4 -20.36 154.7 60.35 1 1712
1714 4 -20.91 157.11 60.35 1 1713
1715 4 -20.41 160.59 62.88 1 1714
1716 4 -20.17 162.33 62.88 1 1715
1717 4 -20.52 163.15 62.77 1 1716
1718 4 -18.81 166.84 61.71 1 1717
1719 4 -20.73 170.59 54.88 1 1718
1720 4 -20.14 171.5 54.88 1 1719
1721 4 -21.41 172.93 54.88 1 1720
1722 4 -25.43 173.18 46.14 1 1721
1723 4 -27.01 173.82 46.14 1 1722
1724 4 -30.62 175.37 50.98 1 1723
1725 4 -33.95 173.95 50.98 1 1724
1726 4 -34.77 173.61 50.98 1 1725
1727 4 -15.91 110.76 31.62 1 1698
1728 4 -14.63 113.93 31.62 1 1727
1729 4 -17.53 113.03 31.62 1 1728
1730 4 -17.28 114.76 31.62 1 1729
1731 4 -17.98 118.72 30.36 1 1730
1732 4 -19.12 122.17 35.3 1 1731
1733 4 -20.16 126.96 35.2 1 1732
1734 4 -20.84 129.29 35.51 1 1733
1735 4 -22.13 130.05 41.41 1 1734
1736 4 -22.64 131.27 41.41 1 1735
1737 4 -24.26 133.54 42.25 1 1736
1738 4 -26.63 132.2 49.29 1 1737
1739 4 -29.56 132.92 49.29 1 1738
1740 4 -30.1 134.98 49.29 1 1739
1741 4 -31.45 132.77 49.29 1 1740
1742 4 -36.38 132 67.61 1 1741
1743 4 -40.67 134.42 67.19 1 1742
1744 4 -43.68 133.8 71.72 1 1743
1745 4 -45.94 132.19 71.72 1 1744
1746 4 -47.32 131.6 81.29 1 1745
1747 4 -50 134.06 86.24 1 1746
1748 4 -51.47 134.42 86.13 1 1747
1749 4 -54.23 135.54 86.13 1 1748
1750 4 -57.07 135.31 97.5 1 1749
1751 4 -58.73 135.4 99.5 1 1750
1752 4 -59.87 136.55 99.5 1 1751
1753 4 -5.33 92.02 4.99 1 1642
1754 4 -9.05 93.05 5.31 1 1753
1755 4 -9.87 97.29 5.31 1 1754
1756 4 -13.91 97.54 5.31 1 1755
1757 4 -16.23 99.16 7.62 1 1756
1758 4 -18 101.04 7.2 1 1757
1759 4 -18.74 104.33 4.78 1 1758
1760 4 -19.16 112.99 0.89 1 1759
1761 4 -19.53 117.29 -7.95 1 1760
1762 4 -20.16 120.29 -7.95 1 1761
1763 4 -23.19 121.3 -13 1 1762
1764 4 -25.14 120.47 -13 1 1763
1765 4 -24.8 125.86 -16.49 1 1764
1766 4 -27.64 127.92 -16.49 1 1765
1767 4 -33.06 129.88 -20.26 1 1766
1768 4 -36.47 129.53 -20.26 1 1767
1769 4 -38.05 132.46 -21.95 1 1768
1770 4 -37.61 132.97 -23.53 1 1769
1771 4 -40.02 135.55 -28.05 1 1770
1772 4 -41.9 139.99 -28.05 1 1771
1773 4 -45.93 142.54 -29.95 1 1772
1774 4 -48.22 142.55 -31.63 1 1773
1775 4 -48.8 143.93 -31.63 1 1774
1776 4 -49.25 145.84 -31.63 1 1775
1777 4 -50.31 146.03 -31.63 1 1776
1778 4 -51.7 147.75 -30.58 1 1777
1779 4 -52.92 147.55 -36.37 1 1778
1780 4 -55.05 147.96 -36.16 1 1779
1781 4 -56.4 148.04 -36.16 1 1780
1782 4 -56.59 149.26 -36.16 1 1781
1783 4 -58.37 151.12 -39.94 1 1782
1784 4 -59.07 152.8 -39.94 1 1783
1785 4 -60.18 152.33 -39.94 1 1784
1786 4 -61.68 152.01 -41.94 1 1785
1787 4 -62 153.52 -41.94 1 1786
1788 4 -63.62 153.48 -42.47 1 1787
1789 4 -65.08 153.84 -46.15 1 1788
1790 4 -4.44 75.08 -15.65 1 6
1791 4 -6.33 77.23 -14.92 1 1790
1792 4 -9.77 76.09 -14.92 1 1791
1793 4 -12.87 78.29 -19.55 1 1792
1794 4 -14.41 79.6 -22.81 1 1793
1795 4 -15.89 83.87 -22.81 1 1794
1796 4 -17.09 86.65 -22.92 1 1795
1797 4 -19.28 90.29 -21.02 1 1796
1798 4 -16.34 94.16 -21.02 1 1797
1799 4 -16.07 99.96 -19.76 1 1798
1800 4 -15.7 106.01 -19.76 1 1799
1801 4 -16.64 108.23 -22.71 1 1800
1802 4 -17.26 113.53 -21.86 1 1801
1803 4 -20.14 114.92 -21.86 1 1802
1804 4 -21.3 116.85 -22.39 1 1803
1805 4 -25.57 117.66 -22.81 1 1804
1806 4 -27.04 115.72 -27.65 1 1805
1807 4 -31.99 114.28 -27.65 1 1806
1808 4 -34.59 115.8 -32.81 1 1807
1809 4 -35.73 119.24 -32.39 1 1808
1810 4 -38.22 120.47 -32.39 1 1809
1811 4 -40.55 119.81 -32.39 1 1810
1812 4 -43.11 122 -32.39 1 1811
1813 4 -44.18 126.78 -32.39 1 1812
1814 4 -45.14 128.46 -33.86 1 1813
1815 4 -45.4 132.94 -33.65 1 1814
1816 4 -21.96 89.44 -23.34 1 1795
1817 4 -20.67 92.6 -31.02 1 1816
1818 4 -23.29 94.12 -36.07 1 1817
1819 4 -26.16 95.51 -36.07 1 1818
1820 4 -27.61 100.44 -40.28 1 1819
1821 4 -27.05 102.24 -36.59 1 1820
1822 4 -30.29 104.47 -36.59 1 1821
1823 4 -30.2 105.82 -42.6 1 1822
1824 4 -29.61 106.73 -42.6 1 1823
1825 4 -29.6 109.02 -42.91 1 1824
1826 4 -30.07 110.13 -42.91 1 1825
1827 4 -33.23 111.4 -43.75 1 1826
1828 4 -34.85 111.37 -43.75 1 1827
1829 4 -8.23 23.51 -19.4 1 4
1830 4 -10.49 21.9 -19.4 1 1829
1831 4 -13.3 22.34 -22.77 1 1830
1832 4 -14.21 20.65 -22.77 1 1831
1833 4 -16.82 19.86 -26.24 1 1832
1834 4 -17.57 18.57 -26.24 1 1833
1835 4 -20.7 18.22 -26.24 1 1834
1836 4 -24.07 16.13 -20.86 1 1835
1837 4 -24.8 10.91 -20.86 1 1836
1838 4 -27.26 10.52 -26.13 1 1837
1839 4 -29 8.47 -28.24 1 1838
1840 4 -33.04 6.43 -26.03 1 1839
1841 4 -35.31 7.11 -26.03 1 1840
1842 4 -37.16 5.34 -26.03 1 1841
1843 4 -37 3.44 -24.35 1 1842
1844 4 -38.44 -0.11 -24.77 1 1843
1845 4 -42.17 -3.66 -22.35 1 1844
1846 4 -44.69 -9.31 -22.35 1 1845
1847 4 -48.53 -12.58 -27.19 1 1846
1848 4 -50.76 -15.81 -27.19 1 1847
1849 4 -53.56 -15.37 -27.19 1 1848
1850 4 -55.7 -17.26 -25.19 1 1849
1851 4 -56.62 -18.96 -25.19 1 1850
1852 4 -58.96 -21.92 -24.77 1 1851
1853 4 -59.94 -24.28 -21.3 1 1852
1854 4 -59.94 -26.57 -21.3 1 1853
1855 4 -62.64 -28.7 -21.3 1 1854
1856 4 -63.44 -30.67 -21.3 1 1855
1857 4 -68.39 -32.12 -21.3 1 1856
1858 4 -69.82 -33.38 -25.08 1 1857
1859 4 -69.15 -35.71 -25.08 1 1858
1860 4 -69.84 -42.55 -27.93 1 1859
1861 4 -73.06 -44.25 -28.14 1 1860
1862 4 -77.05 -45.62 -28.14 1 1861
1863 4 -77.89 -48.26 -28.14 1 1862
1864 4 -84.98 -51.6 -26.24 1 1863
1865 4 -87.99 -54.52 -28.45 1 1864
1866 4 -92.7 -51.93 -28.66 1 1865
1867 4 -96.93 -52.74 -29.5 1 1866
1868 4 -97.48 -50.68 -27.4 1 1867
1869 4 -96.88 -49.77 -27.4 1 1868
1870 4 -99.15 -53.68 -35.91 1 1867
1871 4 -101.53 -55.02 -34.87 1 1870
1872 4 -104.65 -55.37 -35.61 1 1871
1873 4 -105.2 -55.6 -27.82 1 1872
1874 4 -8.58 35.92 -16.05 1 3
1875 4 -12.95 41.6 -15.32 1 1874
1876 4 -16.78 42.91 -14.37 1 1875
1877 4 -30.85 41.44 -19.53 1 1876
1878 4 -33.06 45.08 -26.46 1 1877
1879 4 -36.81 45.45 -15.84 1 1878
1880 4 -39.97 46.73 -15.84 1 1879
1881 4 -42.18 45.79 -15.84 1 1880
1882 4 -42.17 48.08 -15.84 1 1881
1883 4 -46.36 50.23 -15.84 1 1882
1884 4 -50.71 51.99 -15.84 1 1883
1885 4 -53.8 55.7 -9.95 1 1884
1886 4 -55.74 54.89 -9.95 1 1885
1887 4 -56.21 55.99 -9.95 1 1886
1888 4 -62.62 54.91 -7.75 1 1887
1889 4 -68.1 60.1 0.15 1 1888
1890 4 -68.53 61.89 0.15 1 1889
1891 4 -69.15 64.9 0.15 1 1890
1892 4 -70.66 64.72 5.31 1 1891
1893 4 -73.27 63.93 5.31 1 1892
1894 4 -75.36 65.01 5.31 1 1893
1895 4 -75.75 67.47 4.15 1 1894
1896 4 -78.65 66.57 20.77 1 1895
1897 4 -82.24 65.03 23.62 1 1896
1898 4 -83.91 64.33 23.09 1 1897
1899 4 -86.64 66.12 23.09 1 1898
1900 4 -89.04 66.4 23.09 1 1899
1901 4 -90.7 65.7 23.09 1 1900
1902 4 -92.41 66.62 23.09 1 1901
1903 4 -93.1 68.28 21.41 1 1902
1904 4 -94.53 69.3 21.41 1 1903
1905 4 -96.42 71.45 21.41 1 1904
1906 4 -96.81 73.91 21.41 1 1905
1907 3 -13.53 -1.07 12.59 1 1
1908 3 -18.36 -2.8 2.95 1 1907
1909 3 -21.75 -0.96 2.95 1 1908
1910 3 -25.07 -0.08 2.95 1 1909
1911 3 -27.44 -1.42 2.95 1 1910
1912 3 -34.95 -0.68 2.95 1 1911
1913 3 -41.45 -0.81 2.95 1 1912
1914 3 -45.55 2.68 2.05 1 1913
1915 3 -45.86 5.29 1.44 1 1914
1916 3 -48.52 3.83 1.44 1 1915
1917 3 -50.29 5.7 1.44 1 1916
1918 3 -51.07 8.32 1.44 1 1917
1919 3 -26.96 -7.64 15.33 1 1908
1920 3 -32.36 -1.08 11.96 1 1919
1921 3 -38.37 -2.33 13.41 1 1920
1922 3 -43.62 0.03 13.41 1 1921
1923 3 -46.27 3.16 6.59 1 1922
1924 3 -46.26 5.45 6.59 1 1923
1925 3 -47.28 6.32 7.96 1 1924
1926 3 -32.24 -1.36 -1.89 1 1920
1927 3 -32.99 -11.17 12.93 1 1919
1928 3 -35.97 -13.4 12.89 1 1927
1929 3 -34.58 -17.4 4.66 1 1928
1930 3 -39.35 -22.38 0.51 1 1929
1931 3 -42.11 -21.26 -5.64 1 1930
1932 3 -45.8 -24.14 -5.64 1 1931
1933 3 -46.17 -25.6 -6.44 1 1932
1934 3 -46.81 -27.18 -6.44 1 1933
1935 3 -47.2 -29.32 -6.44 1 1934
1936 3 -48.05 -31.96 -7.91 1 1935
1937 3 -49.88 -35.36 -7.91 1 1936
1938 3 -49.71 -34.96 -7.51 1 1937
1939 3 -51.3 -36.62 -7.58 1 1938
1940 3 -51 -40.41 -7.58 1 1939
1941 3 -53.01 -38 -9.34 1 1939
1942 3 -52.39 -41.01 -9.34 1 1941
1943 3 -53.14 -42.3 -9.34 1 1942
1944 3 -55.64 -43.36 -8.96 1 1943
1945 3 -11 -1.63 8.99 1 1
1946 3 -11.67 -1.59 8.99 1 1945
1947 3 -13.05 -10.68 5.27 1 1946
1948 3 -8.76 -17.69 4.91 1 1947
1949 3 -7.81 -19.9 -0.79 1 1948
1950 3 -2.69 -24.28 -7.47 1 1949
1951 3 -1.99 -28.25 -10.29 1 1950
1952 3 1.89 -28.89 -10.29 1 1951
1953 3 7.02 -33.25 -10.29 1 1952
1954 3 6.69 -34.05 -10.29 1 1953
1955 3 -0.34 -32.12 -10.29 1 1951
1956 3 1.5 -34.94 -10.29 1 1955
1957 3 2.57 -35.14 -10.29 1 1956
1958 3 -4.22 0.92 8.87 1 1946
1959 3 5.5 1.12 8.87 1 1958
1960 3 13.32 5.08 5.23 1 1959
1961 3 14.11 7.06 5.23 1 1960
1962 3 18.86 9.74 5.23 1 1961
1963 3 20.97 10.95 5.23 1 1962
1964 3 23.74 12.13 4.57 1 1963
1965 3 -12.87 -8.71 30.34 1 1
1966 3 -21.17 -9.95 33.68 1 1965
1967 3 -25.7 -15.47 37.89 1 1966
1968 3 -24.13 -18.4 41.45 1 1967
1969 3 -21.17 -20.75 41.45 1 1968
1970 3 -16.8 -21.83 41.45 1 1969
1971 3 -13.89 -23.43 35.58 1 1970
1972 3 -15.3 -26.3 35.58 1 1971
1973 3 -12.91 -27.26 35.58 1 1972
1974 3 -12.25 -31.9 39.09 1 1973
1975 3 -26.48 -13.06 36.29 1 1966
1976 3 -31.14 -14.38 36.29 1 1975
1977 3 -31.19 -17.35 34.57 1 1976
1978 3 -35.56 -20.19 35.37 1 1977
1979 3 -33.44 -27.47 35.37 1 1978
1980 3 -35.36 -32.21 32.88 1 1979
1981 3 -36.36 -35.26 32.88 1 1980
1982 3 -38.62 -36.87 28.55 1 1981
1983 3 -40.09 -38.8 28.55 1 1982
1984 3 -38.05 -42.84 23.75 1 1983
1985 3 -40.23 -47.7 23.75 1 1984
1986 3 -41.38 -48.84 23.58 1 1985
1987 3 -39.88 -57.04 23.58 1 1986
1988 3 -39.8 -60.27 20.61 1 1987
1989 3 -38.9 -63.17 20.61 1 1988
1990 3 -36.66 -63.85 20.61 1 1989
1991 3 -36.63 -65.47 20.63 1 1990
1992 3 -38.68 -68.31 18.17 1 1991
1993 3 -40.63 -69.14 18.17 1 1992
1994 3 -40.43 -70.36 18.17 1 1993
1995 3 -39.33 -72.18 18.23 1 1994
1996 3 -40.96 -74.51 20.84 1 1995
1997 3 -43.14 -74.78 20.84 1 1996
1998 3 -44.34 -76.59 20.84 1 1997
1999 3 -46.15 -77.7 22.77 1 1998
2000 3 -50.62 -77.95 21.94 1 1999
2001 3 -51.16 -79.82 22.61 1 2000
2002 3 -52.66 -84.72 22.61 1 2001
2003 3 -54.57 -87.16 22.61 1 2002
2004 3 -57.43 -89.69 22.61 1 2003
2005 3 -58.58 -90.83 22.61 1 2004
2006 3 -59.19 -94.03 22.61 1 2005
2007 3 -58.67 -96.1 18.2 1 2006
2008 3 -60.09 -97.35 18.2 1 2007
2009 3 -61.93 -100.75 18.2 1 2008
2010 3 -61.62 -102.26 18.2 1 2009
2011 3 -60.91 -103.92 18.2 1 2010
2012 3 -37.03 -24.23 38.57 1 1978
2013 3 -39.94 -29.72 40.86 1 2012
2014 3 -44.92 -35.76 40.86 1 2013
2015 3 -47.29 -37.09 40.86 1 2014
2016 3 -50.68 -46.06 40.54 1 2015
2017 3 -55.7 -48.85 40.54 1 2016
2018 3 -58.45 -51.63 36.33 1 2017
2019 3 -61.32 -58.74 38.33 1 2018
2020 3 -70.62 -60.74 39.2 1 2019
2021 3 -71.98 -62.95 27.49 1 2020
2022 3 -71.16 -67.18 20.67 1 2021
2023 3 -76.39 -71.04 19.63 1 2022
2024 3 -78.7 -75.62 19.63 1 2023
2025 3 -86.62 -79.32 19.63 1 2024
2026 3 -87.6 -80.67 14.78 1 2025
2027 3 -90.17 -80.78 14.78 1 2026
2028 3 -90.92 -84.38 10.49 1 2027
2029 3 -97.24 -88.03 8.89 1 2028
2030 3 -100.42 -91.35 8.89 1 2029
2031 3 -101.09 -93.6 4.61 1 2030
2032 3 -100.51 -97.28 4.61 1 2031
2033 3 -101.83 -98.81 4.61 1 2032
2034 3 -103.92 -100.04 4.61 1 2033
2035 3 -103.26 -102.37 4.61 1 2034
2036 3 -104.18 -104.06 4.61 1 2035
2037 3 -105.57 -106.95 4.61 1 2036
2038 3 -107.79 -107.89 4.45 1 2037
2039 3 -111.86 -108.31 7.33 1 2038
2040 3 -114.56 -110.42 5.29 1 2039
2041 3 -114.84 -112.85 8.72 1 2040
2042 3 -115.13 -115.26 8.72 1 2041
2043 3 -117.93 -117.12 13.58 1 2042
2044 3 -121.15 -118.8 13.58 1 2043
2045 3 -122.7 -119.78 13.58 1 2044
2046 3 -122.63 -123.01 13.58 1 2045
2047 3 -123.99 -127.53 13.56 1 2046
2048 3 -128.11 -130.92 13.56 1 2047
2049 3 -128.63 -132.76 17.77 1 2048
2050 3 -126.43 -134.13 17.77 1 2049
2051 3 -128.25 -135.23 17.77 1 2050
2052 3 -129.92 -138.23 17.94 1 2051
2053 3 -131.64 -144.2 8.76 1 2052
2054 3 -132.71 -146.29 8.76 1 2053
2055 3 -133.35 -146.91 6.57 1 2054
2056 3 -134.67 -148.45 6.57 1 2055
2057 3 -134.98 -149.23 6.57 1 2056
2058 3 -30.93 -14.01 33.13 1 1976
2059 3 -35 -14.44 29.41 1 2058
2060 3 -37.46 -17.12 29.41 1 2059
2061 3 -41.18 -16.08 29.45 1 2060
2062 3 -44.59 -18.83 29.45 1 2061
2063 3 -51.48 -23.4 29.47 1 2062
2064 3 -52.73 -25.89 29.47 1 2063
2065 3 -58.46 -27.02 26.17 1 2064
2066 3 -60.8 -29.97 26.13 1 2065
2067 3 -66.51 -32.72 26.13 1 2066
2068 3 -69.43 -34.29 26.1 1 2067
2069 3 -71.46 -36.46 26.08 1 2068
2070 3 -74.32 -38.98 26.08 1 2069
2071 3 -78.28 -41.98 26.08 1 2070
2072 3 -80.97 -39.51 26.08 1 2071
2073 3 -87.14 -41.15 28.42 1 2072
2074 3 -32.61 -8.52 33.13 1 2058
2075 3 -34.66 -6.77 33.13 1 2074
2076 3 -38.38 -8.02 33.6 1 2075
2077 3 -39.92 -6.71 35.03 1 2076
2078 3 3.68 -13.79 32.65 1 1
2079 3 6.39 -18.74 31.32 1 2078
2080 3 2.72 -27.83 30.44 1 2079
2081 3 -3.58 -29.19 39.87 1 2080
2082 3 -6.36 -32.66 33.68 1 2081
2083 3 -7.19 -35.31 33.62 1 2082
2084 3 -12.49 -35.92 33.62 1 2083
2085 3 -15.11 -36.7 33.6 1 2084
2086 3 -19 -40.64 33.58 1 2085
2087 3 -19.12 -42.66 33.56 1 2086
2088 3 -19.92 -44.63 33.35 1 2087
2089 3 -24.15 -45.45 33.24 1 2088
2090 3 -25.87 -46.83 33.22 1 2089
2091 3 -27.02 -47.97 34.78 1 2090
2092 3 -29.32 -50.26 34.4 1 2091
2093 3 -30.27 -52.63 34.4 1 2092
2094 3 -31.86 -54.29 31.22 1 2093
2095 3 -35.65 -54.59 31.24 1 2094
2096 3 -37.76 -55.81 31.18 1 2095
2097 3 -38.08 -56.6 30.4 1 2096
2098 3 -39.9 -57.7 30.4 1 2097
2099 3 -41.69 -60.42 30.38 1 2098
2100 3 -42.32 -61.99 30.38 1 2099
2101 3 -42.14 -63.23 28.15 1 2100
2102 3 -41.95 -66.74 28.15 1 2101
2103 3 -39.06 -68.14 25.09 1 2102
2104 3 -39.35 -70.55 32.27 1 2103
2105 3 -37.58 -72.42 32.27 1 2104
2106 3 -37.43 -74.31 25.79 1 2105
2107 3 -36.77 -78.95 25.79 1 2106
2108 3 -37.43 -85.12 25.79 1 2107
2109 3 -37.38 -85.86 27.49 1 2108
2110 3 -38.09 -86.48 27.49 1 2109
2111 3 -39.2 -86.96 20.17 1 2110
2112 3 -43.2 -88.33 19.24 1 2111
2113 3 -44.51 -87.57 19.24 1 2112
2114 3 -46.92 -87.29 19.24 1 2113
2115 3 -49.01 -86.21 19.09 1 2114
2116 3 -53.26 -83.11 17.73 1 2115
2117 3 -53.78 -82.67 17.73 1 2116
2118 3 -27.51 -51.26 40.94 1 2091
2119 3 -29 -55.49 40.94 1 2118
2120 3 -33.43 -57.37 40.94 1 2119
2121 3 -34.51 -59.46 40.94 1 2120
2122 3 -33.57 -61.68 40.94 1 2121
2123 3 -37.75 -70.33 38.14 1 2122
2124 3 -38.7 -72.7 38.19 1 2123
2125 3 -38.45 -79.46 38.19 1 2124
2126 3 -38.53 -80.81 38.69 1 2125
2127 3 -41.56 -77.51 42.27 1 2124
2128 3 -43.15 -79.16 42.27 1 2127
2129 3 -42.37 -81.78 42.27 1 2128
2130 3 -44.76 -83.12 42.27 1 2129
2131 3 -46.7 -86.23 40.67 1 2130
2132 3 -49.36 -87.69 40.67 1 2131
2133 3 -49.92 -90.22 40.67 1 2132
2134 3 -53.13 -91.91 40.67 1 2133
2135 3 -55.62 -92.97 45.45 1 2134
2136 3 -57.92 -92.96 45.45 1 2135
2137 3 -59.38 -94.89 45.45 1 2136
2138 3 -62.31 -96.46 46.63 1 2137
2139 3 -63 -98.71 46.63 1 2138
2140 3 -64.46 -100.65 46.31 1 2139
2141 3 -65.65 -102.47 46.31 1 2140
2142 3 -64.88 -105.08 46.31 1 2141
2143 3 -65.63 -106.38 46.31 1 2142
2144 3 -66.78 -107.53 46.31 1 2143
2145 3 -66.28 -110.26 46.31 1 2144
2146 3 -66.41 -112.26 45.64 1 2145
2147 3 -67.76 -116.76 45.64 1 2146
2148 3 -68.08 -117.57 45.64 1 2147
2149 3 -69.71 -119.9 45.64 1 2148
2150 3 -70.15 -120.41 46.52 1 2149
2151 3 -71.36 -120.48 46.52 1 2150
2152 3 -71.79 -120.98 46.52 1 2151
2153 3 -73.77 -122.48 46.52 1 2152
2154 3 -75.76 -123.98 46.52 1 2153
2155 3 -77.22 -123.63 46.52 1 2154
2156 3 -78.49 -126.79 46.71 1 2155
2157 3 -79.14 -128.36 46.71 1 2156
2158 3 -81.35 -129.31 46.71 1 2157
2159 3 -82.18 -129.65 46.71 1 2158
2160 3 -84.48 -131.94 46.71 1 2159
2161 3 -84.81 -132.73 46.71 1 2160
2162 3 -86.39 -134.39 46.71 1 2161
2163 3 -86.71 -135.17 46.71 1 2162
2164 3 -1.2 -30.85 33.37 1 2080
2165 3 2.59 -41.35 29.96 1 2164
2166 3 1.19 -57.33 18.51 1 2165
2167 3 -0.29 -61.55 18.51 1 2166
2168 3 0.14 -65.63 14 1 2167
2169 3 5.37 -72.56 13.96 1 2168
2170 3 9.75 -75.94 11.2 1 2169
2171 3 7.28 -80.92 11.27 1 2170
2172 3 5.43 -82.57 6.82 1 2171
2173 3 3.56 -86.64 6.82 1 2172
2174 3 9.99 -89.46 3.33 1 2173
2175 3 9.38 -97.25 -0.98 1 2174
2176 3 11.86 -100.79 -6.06 1 2175
2177 3 13.23 -104.78 -13.3 1 2176
2178 3 8.38 -111.1 -13.3 1 2177
2179 3 6.67 -112.48 -13.3 1 2178
2180 3 6.23 -115.28 -15.47 1 2179
2181 3 7.31 -121.69 -18.66 1 2180
2182 3 5 -128.57 -23.53 1 2181
2183 3 5.78 -131.17 -23.53 1 2182
2184 3 5.22 -133.7 -23.53 1 2183
2185 3 8.74 -135.82 -23.72 1 2184
2186 3 9.82 -138.17 -27.48 1 2185
2187 3 8.63 -140 -27.48 1 2186
2188 3 7.32 -141.54 -27.46 1 2187
2189 3 6.26 -139.04 -27.46 1 2188
2190 3 6.19 -138.09 -27.46 1 2189
2191 3 9.12 -18.76 37.01 1 2079
2192 3 10.27 -26.12 40.23 1 2191
2193 3 7.97 -28.4 40.23 1 2192
2194 3 8.09 -30.97 40.46 1 2193
2195 3 2.78 -31.59 43.79 1 2194
2196 3 1.83 -31.66 43.79 1 2195
2197 3 0.88 -31.74 43.79 1 2196
2198 3 8.55 -18.99 35.81 1 2191
2199 3 4.49 -19.4 35.81 1 2198
2200 3 2.14 -20.08 35.77 1 2199
2201 3 1.4 -19.08 35.77 1 2200
2202 3 0.41 -19.83 35.77 1 2201
2203 3 -0.42 -17.89 35.77 1 2202
2204 3 -2.35 -18.72 35.77 1 2203
2205 3 -3.86 -19.01 31.24 1 2204
2206 3 -4.5 -20.61 31.24 1 2205
2207 3 -6.04 -21.59 31.26 1 2206
2208 3 12.19 -19.08 35.93 1 2198
2209 3 17.47 -25.35 43.83 1 2208
2210 3 21.92 -31.97 43.83 1 2209
2211 3 25.91 -32.89 43.85 1 2210
2212 3 29.31 -32.43 43.85 1 2211
2213 3 30.99 -29.43 50.1 1 2212
2214 3 35.21 -30.92 50.06 1 2213
2215 3 43.71 -30.9 50.06 1 2214
2216 3 47.28 -30.05 49.99 1 2215
2217 3 51.77 -33.69 48.96 1 2216
2218 3 56.53 -31.03 48.96 1 2217
2219 3 61.9 -35.95 60.2 1 2218
2220 3 66.74 -40.44 60.18 1 2219
2221 3 72.47 -41.61 60.2 1 2220
2222 3 76.64 -37.54 60.16 1 2221
2223 3 78.52 -39.68 70.37 1 2222
2224 3 81.68 -38.67 70.45 1 2223
2225 3 83.49 -36.06 70.47 1 2224
2226 3 87.04 -37.5 70.45 1 2225
2227 3 88.04 -36.75 70.45 1 2226
2228 3 91.27 -38.97 70.45 1 2227
2229 3 92.09 -40.92 76.16 1 2228
2230 3 92.68 -42.31 88.43 1 2229
2231 3 93.11 -44.09 88.43 1 2230
2232 3 95.68 -43.97 89.86 1 2231
2233 3 97.18 -43.67 89.86 1 2232
2234 3 96.39 -45.65 97.37 1 2233
2235 3 97.45 -48.13 103.58 1 2234
2236 3 101.36 -50.4 105.44 1 2235
2237 3 106.45 -50.85 111.18 1 2236
2238 3 110.46 -49.49 111.16 1 2237
2239 3 111.92 -47.56 115.1 1 2238
2240 3 112.68 -46.24 115.1 1 2239
2241 3 113.68 -45.51 115.69 1 2240
2242 3 115.22 -44.52 120.13 1 2241
2243 3 118.43 -42.83 121.01 1 2242
2244 3 122.19 -40.9 130.92 1 2243
2245 3 124.77 -38.5 129.3 1 2244
2246 3 73.46 -43.26 55.74 1 2221
2247 3 82.12 -42.87 57.71 1 2246
2248 3 82.31 -46.38 58.31 1 2247
2249 3 86.09 -48.38 58.27 1 2248
2250 3 91.38 -52.35 64.41 1 2249
2251 3 93.79 -52.63 64.41 1 2250
2252 3 95.98 -52.35 64.41 1 2251
2253 3 97.43 -52.72 64.41 1 2252
2254 3 99.36 -54.2 64.41 1 2253
2255 3 102.18 -54.63 65.97 1 2254
2256 3 104.48 -52.35 70.75 1 2255
2257 3 106.88 -52.63 75.25 1 2256
2258 3 110.08 -55.54 75.25 1 2257
2259 3 111.97 -55.38 80.94 1 2258
2260 3 116.96 -55.57 80.94 1 2259
2261 3 119.17 -56.91 82.01 1 2260
2262 3 125.21 -59.59 79.63 1 2261
2263 3 127.58 -60.54 83.02 1 2262
2264 3 129.55 -61.34 83.02 1 2263
2265 3 132.67 -63.29 90.51 1 2264
2266 3 135.01 -62.62 90.51 1 2265
2267 3 137.42 -62.91 90.51 1 2266
2268 3 139.27 -65.73 93.59 1 2267
2269 3 141.44 -67.75 93.59 1 2268
2270 3 144.45 -69.63 93.59 1 2269
2271 3 145.95 -71.61 93.59 1 2270
2272 3 146.73 -71.94 96.24 1 2271
2273 3 147.91 -74.71 96.24 1 2272
2274 3 148.66 -77.99 96.24 1 2273
2275 3 150.31 -79.58 101.6 1 2274
2276 3 151.06 -80.57 101.6 1 2275
2277 3 152 -80.49 101.6 1 2276
2278 3 152.2 -81.72 101.6 1 2277
2279 3 152.47 -83.9 103.14 1 2278
2280 3 155.23 -85.02 105.39 1 2279
2281 3 157.92 -85.19 108.28 1 2280
2282 3 158.04 -85.46 108.28 1 2281
2283 3 158.19 -87.36 108.28 1 2282
2284 3 159.89 -88.28 108.28 1 2283
2285 3 159.25 -89.86 108.28 1 2284
2286 3 159.52 -92.03 110.02 1 2285
2287 3 161.97 -93.94 110.02 1 2286
2288 3 164.62 -94.78 110.02 1 2287
2289 3 167.82 -95.38 110.02 1 2288
2290 3 169.04 -95.19 110.02 1 2289
2291 3 169.36 -94.4 110.02 1 2290
2292 3 171.85 -95.64 110.02 1 2291
2293 3 174.1 -96.32 110.02 1 2292
2294 3 176.31 -97.67 110.02 1 2293
2295 3 176.19 -97.39 110.02 1 2294
2296 3 179.82 -99.78 110.02 1 2295
2297 3 40.75 -36.21 49.21 1 2214
2298 3 46.57 -42.25 46.54 1 2297
2299 3 49.73 -45.81 44.92 1 2298
2300 3 53.24 -50.21 47.24 1 2299
2301 3 54.76 -53.82 47.24 1 2300
2302 3 55.97 -60.51 76.39 1 2301
2303 3 57.58 -62.77 76.39 1 2302
2304 3 58.95 -69.07 76.39 1 2303
2305 3 64.08 -68.84 76.3 1 2304
2306 3 65.25 -73.91 76.3 1 2305
2307 3 66.57 -79.67 76.3 1 2306
2308 3 70.66 -85.46 79.92 1 2307
2309 3 75.87 -90.77 72.33 1 2308
2310 3 79.85 -93.99 72.33 1 2309
2311 3 79.95 -98.87 72.33 1 2310
2312 3 83.27 -99.74 72.33 1 2311
2313 3 81.01 -103.66 72.35 1 2312
2314 3 79.09 -106.09 80.66 1 2313
2315 3 75.09 -109.76 80.66 1 2314
2316 3 73.15 -110.59 80.66 1 2315
2317 3 74.37 -112.67 88.24 1 2316
2318 3 74.47 -117.55 88.24 1 2317
2319 3 74.27 -120.91 91.04 1 2318
2320 3 75.48 -123.01 91.04 1 2319
2321 3 77.2 -126.97 91.04 1 2320
2322 3 78.46 -128.4 91.04 1 2321
2323 3 78.29 -131.09 91.04 1 2322
2324 3 78.92 -131.8 91.04 1 2323
2325 3 79.43 -134.53 91.04 1 2324
2326 3 79.1 -135.33 91.04 1 2325
2327 3 80.92 -136.51 91.04 1 2326
2328 3 79.24 -139.51 91.04 1 2327
2329 3 79.16 -143.16 94.62 1 2328
2330 3 78.08 -145.25 94.62 1 2329
2331 3 76.99 -147.34 94.62 1 2330
2332 3 76.96 -148.01 94.6 1 2331
2333 3 76.27 -150.27 95.1 1 2332
2334 3 74.86 -151.53 95.1 1 2333
2335 3 72.64 -152.47 95.1 1 2334
2336 3 69.31 -153.88 94.87 1 2335
2337 3 67.22 -152.8 94.74 1 2336
2338 3 67.1 -152.53 94.7 1 2337
2339 3 66 -150.7 94.68 1 2338
2340 3 65.49 -150.27 94.57 1 2339
2341 3 10.97 -5.36 1.5 1 1
2342 3 12.39 -6.38 1.5 1 2341
2343 3 15.78 -5.92 -10.41 1 2342
2344 3 20.57 3.64 -12.56 1 2343
2345 3 22.36 4.05 -17.55 1 2344
2346 3 25.77 6.82 -20.31 1 2345
2347 3 29.24 14.84 -20.31 1 2346
2348 3 30.94 16.21 -20.31 1 2347
2349 3 31.38 19.02 -20.31 1 2348
2350 3 33.68 19.01 -20.31 1 2349
2351 3 26.22 -1.17 -16.73 1 2345
2352 3 30.65 0.71 -16.73 1 2351
2353 3 34.44 -1.29 -16.73 1 2352
2354 3 35.7 -2.71 -16.73 1 2353
2355 3 35.69 -5.01 -16.73 1 2354
2356 3 37.51 -6.2 -18.39 1 2355
2357 3 30.71 -2.53 -17.61 1 2351
2358 3 32.91 2.32 -17.61 1 2357
2359 3 12.89 -9.12 1.27 1 2342
2360 3 18.61 -12.58 1.27 1 2359
2361 3 22.25 -17.26 1.27 1 2360
2362 3 19.88 -24.81 10.89 1 2361
2363 3 21.5 -29.37 10.89 1 2362
2364 3 18.75 -34.46 10.89 1 2363
2365 3 22.32 -42.1 7.16 1 2364
2366 3 17.42 -51.38 7.16 1 2365
2367 3 20.78 -53.88 5.46 1 2366
2368 3 22.61 -58.99 5.46 1 2367
2369 3 23.41 -67.58 -4.08 1 2368
2370 3 25.25 -70.4 -4.01 1 2369
2371 3 23.25 -78.78 -8.16 1 2370
2372 3 30.66 -85.45 -8.14 1 2371
2373 3 32.47 -88.94 -8.12 1 2372
2374 3 31.58 -94.55 -12.08 1 2373
2375 3 34.03 -96.45 -12.73 1 2374
2376 3 41.1 -100 -15.32 1 2375
2377 3 43.16 -99.45 -15.09 1 2376
2378 3 43.26 -102.03 -15.11 1 2377
2379 3 44.29 -102.9 -17.9 1 2378
2380 3 28.16 -16.76 7.16 1 2361
2381 3 31.88 -17.79 7.16 1 2380
2382 3 37.48 -18.69 8.55 1 2381
2383 3 39.62 -19.08 8.55 1 2382
2384 3 42.2 -16.68 8.55 1 2383
2385 3 44.69 -17.93 7.75 1 2384
2386 3 52.08 -18.39 13.6 1 2385
2387 3 54.84 -19.51 13.58 1 2386
2388 3 59.29 -17.62 13.58 1 2387
2389 3 64.66 -17.96 13.58 1 2388
2390 3 67.07 -20.53 13.58 1 2389
2391 3 79.09 -20.33 16.49 1 2390
2392 3 85.57 -20.19 16.17 1 2391
2393 3 89.37 -19.9 22.06 1 2392
2394 3 94.67 -19.29 23.16 1 2393
2395 3 97.58 -17.81 23.16 1 2394
2396 3 99.99 -18.08 23.16 1 2395
2397 3 103.27 -17.35 23.16 1 2396
2398 3 105.18 -17.19 23.16 1 2397
2399 3 107.27 -18.28 23.16 1 2398
2400 3 110.87 -19.04 23.16 1 2399
2401 3 114.82 -18.33 26.27 1 2400
2402 3 117.2 -19.3 26.27 1 2401
2403 3 119.48 -21.6 29.43 1 2402
2404 3 119.16 -22.4 29.43 1 2403
2405 3 119.39 -22.95 29.43 1 2404
2406 3 33.69 -21.15 5.25 1 2381
2407 3 38.39 -26.04 5.25 1 2406
2408 3 43.48 -26.49 5.25 1 2407
2409 3 45.96 -30.01 8.99 1 2408
2410 3 49.92 -29.32 8.15 1 2409
2411 3 57.81 -34.8 8.7 1 2410
2412 3 59.22 -38.14 9.46 1 2411
2413 3 68.06 -43.54 5.73 1 2412
2414 3 68.68 -46.55 0.12 1 2413
2415 3 70.62 -48.02 0.12 1 2414
2416 3 73.05 -52.22 0.12 1 2415
2417 3 80.65 -53.91 -4.35 1 2416
2418 3 79.71 -56.15 -8.14 1 2417
2419 3 76.62 -60.4 -8.12 1 2418
2420 3 78.49 -64.84 -12.54 1 2419
2421 3 84.07 -68.69 -12.52 1 2420
2422 3 86.77 -72.78 -11.89 1 2421
2423 3 87.11 -80.5 -18.35 1 2422
2424 3 87.21 -83.07 -18.29 1 2423
2425 3 85.9 -86.9 -19.93 1 2424
2426 3 88.11 -90.55 -19.93 1 2425
2427 3 89.99 -92.69 -16.03 1 2426
2428 3 88.71 -95.85 -10.92 1 2427
2429 3 90.14 -96.88 -10.88 1 2428
2430 3 92.11 -97.68 -6.41 1 2429
2431 3 93.96 -100.49 -6.41 1 2430
2432 3 97.46 -104.89 -8.77 1 2431
2433 3 100.59 -105.29 -8.77 1 2432
2434 3 102.77 -107.32 -12.68 1 2433
2435 3 103.39 -108.03 -12.68 1 2434
2436 3 103.11 -110.44 -12.68 1 2435
2437 3 104.37 -111.87 -12.68 1 2436
2438 3 11.36 -0.31 24.65 1 1
2439 3 11.77 -0.47 24.65 1 2438
2440 3 18.41 -2.24 24.65 1 2439
2441 3 29.89 2.32 21.41 1 2440
2442 3 37.86 6.67 23.94 1 2441
2443 3 42.84 8.79 23.94 1 2442
2444 3 49.21 9.21 34.4 1 2443
2445 3 55.49 5.98 34.4 1 2444
2446 3 57.01 2.37 34.4 1 2445
2447 3 59.03 2.24 34.4 1 2446
2448 3 63.79 4.92 34.4 1 2447
2449 3 66.12 5.58 40.94 1 2448
2450 3 67.74 3.32 40.94 1 2449
2451 3 69.29 6.6 40.94 1 2450
2452 3 71.22 5.13 40.92 1 2451
2453 3 70.96 9.6 43.87 1 2452
2454 3 72.83 11.37 48.88 1 2453
2455 3 72.92 15.01 48.88 1 2454
2456 3 80.68 16.02 59.34 1 2455
2457 3 81.32 19.73 72.14 1 2456
2458 3 86.86 22.08 72.01 1 2457
2459 3 89.08 23.02 73.44 1 2458
2460 3 89.83 24.33 75.27 1 2459
2461 3 70.44 -5.51 34.08 1 2447
2462 3 73.07 -8.64 34.08 1 2461
2463 3 75.08 -11.06 34.08 1 2462
2464 3 79.32 -10.24 37.98 1 2463
2465 3 85.63 -12.8 38.27 1 2464
2466 3 88.12 -14.04 38.27 1 2465
2467 3 91.55 -17.49 38.27 1 2466
2468 3 98.24 -16.28 39.01 1 2467
2469 3 101.99 -14.36 39.05 1 2468
2470 3 121.78 -13.15 40.08 1 2469
2471 3 127.06 -17.14 39.09 1 2470
2472 3 129.88 -17.58 39.79 1 2471
2473 3 133.56 -17.87 42.75 1 2472
2474 3 136.55 -21.83 42.75 1 2473
2475 3 138.02 -22.19 43.53 1 2474
2476 3 140.51 -23.43 43.53 1 2475
2477 3 143.48 -21.18 59.57 1 2476
2478 3 144.78 -19.65 59.57 1 2477
2479 3 147.8 -19.01 59.57 1 2478
2480 3 150.01 -18.08 59.57 1 2479
2481 3 152.55 -16.35 62.43 1 2480
2482 3 154.41 -14.57 62.43 1 2481
2483 3 155.73 -13.04 64.56 1 2482
2484 3 156.16 -12.51 64.56 1 2483
2485 3 20.16 -3.1 33.79 1 2440
2486 3 11.06 2.57 14.93 1 1
2487 3 14.18 2.91 14.93 1 2486
2488 3 22.03 7.55 12.21 1 2487
2489 3 24.84 9.39 12.82 1 2488
2490 3 28.96 10.49 13.5 1 2489
2491 3 33.26 8.06 13.46 1 2490
2492 3 36.07 7.62 14.15 1 2491
2493 3 38.37 9.91 14.15 1 2492
2494 3 45.09 9.48 14.13 1 2493
2495 3 46.29 13.59 14.13 1 2494
2496 3 55.05 17.65 14.82 1 2495
2497 3 62.05 17.33 14.8 1 2496
2498 3 64.94 20.52 14.78 1 2497
2499 3 64.71 23.38 18.02 1 2498
2500 3 73.17 22.71 27.05 1 2499
2501 3 78.49 30.21 30.95 1 2500
2502 3 81.27 31.39 28.42 1 2501
2503 3 87.16 30.62 34.46 1 2502
2504 3 89.74 33.01 34.46 1 2503
2505 3 91.41 33.72 34.46 1 2504
2506 3 94.16 38.82 39.74 1 2505
2507 3 97.17 41.73 39.74 1 2506
2508 3 100.68 41.91 39.74 1 2507
2509 3 104.84 43.68 44.16 1 2508
2510 3 108.91 41.81 45.66 1 2509
2511 3 110.66 41.57 51.51 1 2510
2512 3 111.98 42.95 50.57 1 2511
2513 3 113.49 43.26 50.57 1 2512
2514 3 119.18 41.42 55.4 1 2513
2515 3 121.19 41.3 61.13 1 2514
2516 3 125.06 40.65 60.93 1 2515
2517 3 129.57 41.58 62.77 1 2516
2518 3 133.25 42.16 75.84 1 2517
2519 3 134.87 39.9 75.84 1 2518
2520 3 136.89 42.07 76.68 1 2519
2521 3 137.53 43.65 76.68 1 2520
2522 3 141.01 43.16 76.68 1 2521
2523 3 142.05 46.87 79.82 1 2522
2524 3 144.62 46.99 79.8 1 2523
2525 3 147.31 46.82 79.8 1 2524
2526 3 147.98 46.78 84.89 1 2525
2527 3 28.36 14.75 16.59 1 2489
2528 3 32.23 11.8 22.2 1 2527
2529 3 35.48 14.17 22.19 1 2528
2530 3 36.99 16.77 32.82 1 2529
2531 3 40.58 13.72 32.82 1 2530
2532 3 43.43 16.24 32.82 1 2531
2533 3 44.44 19.28 32.82 1 2532
2534 3 47.04 20.06 35.91 1 2533
2535 3 47.69 23.94 40.04 1 2534
2536 3 53.86 23.28 48.32 1 2535
2537 3 54.15 27.98 53.78 1 2536
2538 3 58.39 28.8 59.84 1 2537
2539 3 59.58 30.62 59.71 1 2538
2540 3 61.28 32 66.62 1 2539
2541 3 64.29 32.62 73.61 1 2540
2542 3 68.17 34.26 70.07 1 2541
2543 3 27.75 17.76 21.68 1 2488
2544 3 34.51 26.52 22.42 1 2543
2545 3 34.33 32.33 22.7 1 2544
2546 3 36.05 36.01 23.7 1 2545
2547 3 39.17 39.97 30.78 1 2546
2548 3 38.23 42.18 30.78 1 2547
2549 3 41.2 44.43 34.59 1 2548
2550 3 42.12 46.13 36.1 1 2549
2551 3 40.78 48.51 36.1 1 2550
2552 3 39.5 58.43 39.85 1 2551
2553 3 40.17 69.1 36.33 1 2552
2554 3 40.56 71.24 41.62 1 2553
2555 3 38.96 78.09 41.7 1 2554
2556 3 38.98 82.68 44.1 1 2555
2557 3 37.58 87.43 42.94 1 2556
2558 3 39.09 90.04 42.94 1 2557
2559 3 40.91 91.13 47.09 1 2558
2560 3 42.23 92.68 47.09 1 2559
2561 3 44.92 94.8 51.46 1 2560
2562 3 48.17 97.16 51.46 1 2561
2563 3 53.01 101.18 57.79 1 2562
2564 3 53.81 105.45 61.99 1 2563
2565 3 54.66 108.1 61.78 1 2564
2566 3 55.5 110.74 61.76 1 2565
2567 3 56.28 113.5 61.66 1 2566
2568 3 58.35 116.34 61.66 1 2567
2569 3 60.93 118.75 61.68 1 2568
2570 3 64.39 122.17 61.7 1 2569
2571 3 65.18 124.15 61.7 1 2570
2572 3 64.79 126.6 60.46 1 2571
2573 3 64.53 131.07 64.85 1 2572
2574 3 18.24 0.43 21.12 1 2487
2575 3 20.75 -2.44 17.63 1 2574
2576 3 24.58 -8.34 17.63 1 2575
2577 3 27.93 -10.84 17.63 1 2576
2578 3 28 -14.08 17.63 1 2577
2579 3 27.78 -19.74 15.48 1 2578
2580 3 30.23 -21.65 15.48 1 2579
2581 3 31.65 -22.68 13.98 1 2580
2582 3 30.49 -26.12 13.98 1 2581
2583 3 30.91 -30.2 13.98 1 2582
2584 3 36.14 -39.43 5.92 1 2583
2585 3 40.09 -38.73 5.92 1 2584
2586 3 39.13 -43.4 5.92 1 2585
2587 3 42.17 -46.24 5.92 1 2586
2588 3 42.05 -48.24 5.92 1 2587
2589 3 41.18 -49.27 5.92 1 2588
2590 3 40.66 -51.13 1.28 1 2589
2591 3 42.34 -56.63 1.21 1 2590
2592 3 41.78 -59.16 -5.32 1 2591
2593 3 45.01 -61.38 -8.18 1 2592
2594 3 48.01 -63.06 -12.62 1 2593
2595 3 47.02 -63.82 -12.54 1 2594
2596 3 45.95 -65.91 -12.69 1 2595
2597 3 46.07 -66.18 -12.72 1 2596
2598 3 32.55 -27.95 15.73 1 2581
2599 3 33.33 -32.85 15.7 1 2598
2600 3 31.74 -34.51 15.69 1 2599
2601 3 34.07 -36.14 15.69 1 2600
2602 3 37.9 -37.45 15.69 1 2601
2603 3 41.95 -41.62 8.59 1 2602
2604 3 47.01 -47.33 15.1 1 2603
2605 3 51.15 -50.16 15.1 1 2604
2606 3 52.71 -55.38 11.16 1 2605
2607 3 56.65 -59.27 11.16 1 2606
2608 3 61.73 -64.31 14.63 1 2607
2609 3 63.11 -66.13 14.61 1 2608
2610 3 62.5 -69.34 10.26 1 2609
2611 3 64.35 -74.44 10.26 1 2610
2612 3 66.28 -75.91 10.26 1 2611
2613 3 67.67 -75.33 10.26 1 2612
2614 3 68.26 -76.71 10.26 1 2613
2615 3 67.42 -79.35 7.73 1 2614
2616 3 67.13 -84.06 5.18 1 2615
2617 3 68.65 -87.67 8.7 1 2616
2618 3 71.53 -91.36 8.7 1 2617
2619 3 74.08 -95.83 13.03 1 2618
2620 3 77.13 -96.84 12.99 1 2619
2621 3 79.09 -99.93 12.97 1 2620
2622 3 81.18 -101 12.97 1 2621
2623 3 83.74 -103.18 9.39 1 2622
2624 3 86.9 -104.47 9.39 1 2623
2625 3 88.33 -105.49 9.06 1 2624
2626 3 89.2 -104.47 9.06 1 2625
2627 3 94.17 -106.95 9.37 1 2626
2628 3 98.21 -108.38 8.24 1 2627
2629 3 99.2 -109.92 15.59 1 2628
2630 3 100.31 -109.45 15.59 1 2629
2631 3 105.29 -109.63 15.59 1 2630
2632 3 106.64 -109.7 17.24 1 2631
2633 3 107.21 -111.09 17.24 1 2632
2634 3 108.93 -112.01 17.37 1 2633
2635 3 111.33 -112.3 17.37 1 2634
2636 3 112.08 -113.29 17.33 1 2635
2637 3 114.02 -112.45 17.33 1 2636
2638 3 115.29 -111.6 17.33 1 2637
2639 3 117.27 -112.4 17.33 1 2638
2640 3 119.05 -111.97 17.31 1 2639
2641 3 121.18 -112.37 17.31 1 2640
2642 3 10.75 1.89 -21.74 1 1
2643 3 12.07 5.72 -21.74 1 2642
2644 3 11.28 10.63 -21.74 1 2643
2645 3 18.59 15.03 -20.82 1 2644
2646 3 21.13 19.06 -20.82 1 2645
2647 3 31.67 23.54 -25.63 1 2646
2648 3 37.05 25.49 -25.63 1 2647
2649 3 39.15 24.41 -25.61 1 2648
2650 3 48.01 28.18 -31 1 2649
2651 3 51.69 30.94 -32.75 1 2650
2652 3 54.26 31.04 -34.82 1 2651
2653 3 57.04 32.22 -33.8 1 2652
2654 3 58.26 32.41 -33.8 1 2653
2655 3 63.29 35.21 -31.78 1 2654
2656 3 65.56 36.83 -33.23 1 2655
2657 3 66.86 38.35 -33.12 1 2656
2658 3 66.95 39.69 -33.12 1 2657
2659 3 68.61 40.41 -33.12 1 2658
2660 3 68.62 42.7 -33.12 1 2659
2661 3 69.53 44.4 -33.12 1 2660
2662 3 68.59 46.62 -33.12 1 2661
2663 3 69.19 49.82 -29.78 1 2662
2664 3 70.27 51.92 -29.78 1 2663
2665 3 71.83 55.18 -26.77 1 2664
